1 0.25257669350042783 0.25202885639999884
2 0.25202885639999884 0.25156758659965234
3 0.25156758659965234 0.25120665121884284
4 0.25120665121884284 0.2509290195237473
5 0.2509290195237473 0.2507163310200997
6 0.2507163310200997 0.25055348146518786
7 0.25055348146518786 0.250428698327499
8 0.250428698327499 0.2503329360066427
9 0.2503329360066427 0.25025927756878913
10 0.25025927756878913 0.2502024453703123
11 0.2502024453703123 0.2501584176503906
12 0.2501584176503906 0.25012413221582763
13 0.25012413221582763 0.2500972587997547
14 0.2500972587997547 0.2500760247784866
15 0.2500760247784866 0.25005908204431304
16 0.25005908204431304 0.2500454054786845
17 0.2500454054786845 0.25003421561321687
18 0.25003421561321687 0.2500249197635569
19 0.2500249197635569 0.2500170672489017
20 0.2500170672489017 0.2500103153396169
21 0.2500103153396169 0.25000440336912094
22 0.25000440336912094 0.24999913305542962
23 0.24999913305542962 0.24999435354392585
24 0.24999435354392585 0.24998995003882915
25 0.24998995003882915 0.24998583516212297
26 0.24998583516212297 0.24998194238524826
27 0.24998194238524826 0.24997822103600228
28 0.24997822103600228 0.24997463250254937
29 0.24997463250254937 0.24997114734725567
30 0.24997114734725567 0.2499677431120536
31 0.2499677431120536 0.2499644026494665
32 0.2499644026494665 0.24996111285324604
33 0.24996111285324604 0.2499578636928337
34 0.2499578636928337 0.24995464747884275
35 0.24995464747884275 0.24995145830422172
36 0.24995145830422172 0.24994829161903256
37 0.24994829161903256 0.24994514390686
38 0.24994514390686 0.24994201243853392
39 0.24994201243853392 0.24993889508467076
40 0.24993889508467076 0.24993579017297113
41 0.24993579017297113 0.24993269637957383
42 0.24993269637957383 0.24992961264632968
43 0.24992961264632968 0.24992653811780355
44 0.24992653811780355 0.24992347209329382
45 0.24992347209329382 0.2499204139902843
46 0.2499204139902843 0.2499173633166007
47 0.2499173633166007 0.2499143196491953
48 0.2499143196491953 0.2499112826179797
49 0.2499112826179797 0.24990825189350027
50 0.24990825189350027 0.24990522717754352
51 0.24990522717754352 0.24990220819597087
52 0.24990220819597087 0.24989919469325322
53 0.24989919469325322 0.24989618642830008
54 0.24989618642830008 0.24989318317127557
55 0.24989318317127557 0.24989018470116575
56 0.24989018470116575 0.24988719080392002
57 0.24988719080392002 0.2498842012710282
58 0.2498842012710282 0.24988121589843149
59 0.24988121589843149 0.24987823448568694
60 0.24987823448568694 0.2498752568353256
61 0.2498752568353256 0.24987228275235854
62 0.24987228275235854 0.24986931204389512
63 0.24986931204389512 0.2498663445188474
64 0.2498663445188474 0.24986337998770033
65 0.24986337998770033 0.249860418262332
66 0.249860418262332 0.24985745915587126
67 0.24985745915587126 0.24985450248258573
68 0.24985450248258573 0.24985154805779147
69 0.24985154805779147 0.2498485956977796
70 0.2498485956977796 0.24984564521975622
71 0.24984564521975622 0.24984269644179263
72 0.24984269644179263 0.24983974918278215
73 0.24983974918278215 0.24983680326240373
74 0.24983680326240373 0.24983385850109
75 0.24983385850109 0.24983091471999824
76 0.24983091471999824 0.24982797174098467
77 0.24982797174098467 0.2498250293865801
78 0.2498250293865801 0.2498220874799679
79 0.2498220874799679 0.24981914584496256
80 0.24981914584496256 0.2498162043059901
81 0.2498162043059901 0.2498132626880678
82 0.2498132626880678 0.24981032081678614
83 0.24981032081678614 0.2498073785182904
84 0.2498073785182904 0.2498044356192622
85 0.2498044356192622 0.2498014919469026
86 0.2498014919469026 0.2497985473289143
87 0.2497985473289143 0.24979560159348468
88 0.24979560159348468 0.2497926545692687
89 0.2497926545692687 0.2497897060853723
90 0.2497897060853723 0.24978675597133554
91 0.24978675597133554 0.24978380405711625
92 0.24978380405711625 0.24978085017307336
93 0.24978085017307336 0.24977789414995052
94 0.24977789414995052 0.2497749358188602
95 0.2497749358188602 0.24977197501126708
96 0.24977197501126708 0.249769011558972
97 0.249769011558972 0.24976604529409607
98 0.24976604529409607 0.2497630760490645
99 0.2497630760490645 0.24976010365659063
100 0.24976010365659063 0.24975712794966018
101 0.24975712794966018 0.24975414876151514
102 0.24975414876151514 0.24975116592563834
103 0.24975116592563834 0.24974817927573723
104 0.24974817927573723 0.2497451886457286
105 0.2497451886457286 0.2497421938697223
106 0.2497421938697223 0.24973919478200643
107 0.24973919478200643 0.2497361912170309
108 0.2497361912170309 0.24973318300939207
109 0.24973318300939207 0.24973016999381764
110 0.24973016999381764 0.2497271520051503
111 0.2497271520051503 0.24972412887833295
112 0.24972412887833295 0.24972110044839263
113 0.24972110044839263 0.24971806655042536
114 0.24971806655042536 0.24971502701958073
115 0.24971502701958073 0.24971198169104586
116 0.24971198169104586 0.24970893040003078
117 0.24970893040003078 0.2497058729817525
118 0.2497058729817525 0.24970280927141936
119 0.24970280927141936 0.2496997391042161
120 0.2496997391042161 0.24969666231528825
121 0.24969666231528825 0.2496935787397265
122 0.2496935787397265 0.24969048821255152
123 0.24969048821255152 0.2496873905686984
124 0.2496873905686984 0.24968428564300119
125 0.24968428564300119 0.24968117327017741
126 0.24968117327017741 0.24967805328481293
127 0.24967805328481293 0.24967492552134585
128 0.24967492552134585 0.24967178981405153
129 0.24967178981405153 0.24966864599702696
130 0.24966864599702696 0.24966549390417503
131 0.24966549390417503 0.2496623333691893
132 0.2496623333691893 0.2496591642255381
133 0.2496591642255381 0.24965598630644922
134 0.24965598630644922 0.24965279944489382
135 0.24965279944489382 0.2496496034735716
136 0.2496496034735716 0.2496463982248941
137 0.2496463982248941 0.24964318353096965
138 0.24964318353096965 0.24963995922358745
139 0.24963995922358745 0.24963672513420168
140 0.24963672513420168 0.2496334810939157
141 0.2496334810939157 0.2496302269334662
142 0.2496302269334662 0.24962696248320715
143 0.24962696248320715 0.24962368757309403
144 0.24962368757309403 0.2496204020326676
145 0.2496204020326676 0.24961710569103782
146 0.24961710569103782 0.24961379837686795
147 0.24961379837686795 0.2496104799183583
148 0.2496104799183583 0.2496071501432295
149 0.2496071501432295 0.24960380887870706
150 0.24960380887870706 0.24960045595150407
151 0.24960045595150407 0.24959709118780565
152 0.24959709118780565 0.2495937144132518
153 0.2495937144132518 0.24959032545292104
154 0.24959032545292104 0.24958692413131392
155 0.24958692413131392 0.24958351027233622
156 0.24958351027233622 0.24958008369928186
157 0.24958008369928186 0.24957664423481668
158 0.24957664423481668 0.24957319170096084
159 0.24957319170096084 0.24956972591907228
160 0.24956972591907228 0.24956624670982935
161 0.24956624670982935 0.24956275389321358
162 0.24956275389321358 0.24955924728849282
163 0.24955924728849282 0.24955572671420326
164 0.24955572671420326 0.2495521919881325
165 0.2495521919881325 0.24954864292730145
166 0.24954864292730145 0.24954507934794737
167 0.24954507934794737 0.24954150106550554
168 0.24954150106550554 0.24953790789459157
169 0.24953790789459157 0.2495342996489836
170 0.2495342996489836 0.24953067614160396
171 0.24953067614160396 0.24952703718450123
172 0.24952703718450123 0.2495233825888319
173 0.2495233825888319 0.24951971216484198
174 0.24951971216484198 0.24951602572184822
175 0.24951602572184822 0.24951232306822
176 0.24951232306822 0.24950860401136013
177 0.24950860401136013 0.24950486835768604
178 0.24950486835768604 0.2495011159126111
179 0.2495011159126111 0.2494973464805252
180 0.2494973464805252 0.24949355986477545
181 0.24949355986477545 0.24948975586764707
182 0.24948975586764707 0.24948593429034355
183 0.24948593429034355 0.24948209493296739
184 0.24948209493296739 0.24947823759449964
185 0.24947823759449964 0.2494743620727809
186 0.2494743620727809 0.24947046816449023
187 0.24947046816449023 0.2494665556651257
188 0.2494665556651257 0.2494626243689837
189 0.2494626243689837 0.24945867406913824
190 0.24945867406913824 0.24945470455742047
191 0.24945470455742047 0.24945071562439813
192 0.24945071562439813 0.24944670705935365
193 0.24944670705935365 0.24944267865026395
194 0.24944267865026395 0.24943863018377863
195 0.24943863018377863 0.24943456144519843
196 0.24943456144519843 0.24943047221845369
197 0.24943047221845369 0.24942636228608264
198 0.24942636228608264 0.24942223142920902
199 0.24942223142920902 0.24941807942752017
200 0.24941807942752017 0.24941390605924463
201 0.24941390605924463 0.24940971110112928
202 0.24940971110112928 0.24940549432841702
203 0.24940549432841702 0.24940125551482362
204 0.24940125551482362 0.24939699443251445
205 0.24939699443251445 0.2493927108520813
206 0.2493927108520813 0.24938840454251898
207 0.24938840454251898 0.2493840752712013
208 0.2493840752712013 0.24937972280385737
209 0.24937972280385737 0.24937534690454738
210 0.24937534690454738 0.24937094733563814
211 0.24937094733563814 0.24936652385777866
212 0.24936652385777866 0.24936207622987547
213 0.24936207622987547 0.24935760420906733
214 0.24935760420906733 0.24935310755070011
215 0.24935310755070011 0.24934858600830154
216 0.24934858600830154 0.24934403933355542
217 0.24934403933355542 0.24933946727627554
218 0.24933946727627554 0.2493348695843798
219 0.2493348695843798 0.24933024600386364
220 0.24933024600386364 0.2493255962787735
221 0.2493255962787735 0.24932092015118013
222 0.24932092015118013 0.24931621736115112
223 0.24931621736115112 0.24931148764672384
224 0.24931148764672384 0.24930673074387766
225 0.24930673074387766 0.24930194638650627
226 0.24930194638650627 0.24929713430638922
227 0.24929713430638922 0.24929229423316382
228 0.24929229423316382 0.24928742589429642
229 0.24928742589429642 0.24928252901505343
230 0.24928252901505343 0.24927760331847207
231 0.24927760331847207 0.24927264852533107
232 0.24927264852533107 0.24926766435412057
233 0.24926766435412057 0.2492626505210124
234 0.2492626505210124 0.24925760673982955
235 0.24925760673982955 0.2492525327220157
236 0.2492525327220157 0.24924742817660428
237 0.24924742817660428 0.24924229281018687
238 0.24924229281018687 0.24923712632688208
239 0.24923712632688208 0.24923192842830388
240 0.24923192842830388 0.24922669881352857
241 0.24922669881352857 0.24922143717906362
242 0.24922143717906362 0.24921614321881372
243 0.24921614321881372 0.24921081662404843
244 0.24921081662404843 0.24920545708336833
245 0.24920545708336833 0.24920006428267139
246 0.24920006428267139 0.24919463790511914
247 0.24919463790511914 0.2491891776311019
248 0.2491891776311019 0.24918368313820402
249 0.24918368313820402 0.2491781541011691
250 0.2491781541011691 0.2491725901918642
251 0.2491725901918642 0.24916699107924417
252 0.24916699107924417 0.24916135642931547
253 0.24916135642931547 0.24915568590509968
254 0.24915568590509968 0.24914997916659648
255 0.24914997916659648 0.24914423587074644
256 0.24914423587074644 0.24913845567139337
257 0.24913845567139337 0.24913263821924658
258 0.24913263821924658 0.2491267831618417
259 0.2491267831618417 0.24912089014350294
260 0.24912089014350294 0.24911495880530304
261 0.24911495880530304 0.24910898878502427
262 0.24910898878502427 0.24910297971711787
263 0.24910297971711787 0.24909693123266435
264 0.24909693123266435 0.24909084295933223
265 0.24909084295933223 0.24908471452133688
266 0.24908471452133688 0.249078545539399
267 0.249078545539399 0.2490723356307027
268 0.2490723356307027 0.2490660844088526
269 0.2490660844088526 0.24905979148383167
270 0.24905979148383167 0.2490534564619567
271 0.2490534564619567 0.2490470789458359
272 0.2490470789458359 0.2490406585343237
273 0.2490406585343237 0.2490341948224763
274 0.2490341948224763 0.24902768740150674
275 0.24902768740150674 0.24902113585873917
276 0.24902113585873917 0.24901453977756255
277 0.24901453977756255 0.24900789873738477
278 0.24900789873738477 0.24900121231358474
279 0.24900121231358474 0.2489944800774657
280 0.2489944800774657 0.24898770159620673
281 0.24898770159620673 0.24898087643281458
282 0.24898087643281458 0.24897400414607457
283 0.24897400414607457 0.24896708429050107
284 0.24896708429050107 0.2489601164162878
285 0.2489601164162878 0.24895310006925708
286 0.24895310006925708 0.24894603479080885
287 0.24894603479080885 0.24893892011786933
288 0.24893892011786933 0.248931755582839
289 0.248931755582839 0.2489245407135396
290 0.2489245407135396 0.2489172750331616
291 0.2489172750331616 0.24890995806021032
292 0.24890995806021032 0.2489025893084515
293 0.2489025893084515 0.24889516828685682
294 0.24889516828685682 0.24888769449954865
295 0.24888769449954865 0.24888016744574396
296 0.24888016744574396 0.24887258661969797
297 0.24887258661969797 0.2488649515106472
298 0.2488649515106472 0.24885726160275173
299 0.24885726160275173 0.24884951637503722
300 0.24884951637503722 0.248841715301336
301 0.248841715301336 0.2488338578502277
302 0.2488338578502277 0.2488259434849795
303 0.2488259434849795 0.24881797166348515
304 0.24881797166348515 0.2488099418382043
305 0.2488099418382043 0.24880185345610015
306 0.24880185345610015 0.24879370595857758
307 0.24879370595857758 0.24878549878141973
308 0.24878549878141973 0.24877723135472427
309 0.24877723135472427 0.24876890310283944
310 0.24876890310283944 0.24876051344429873
311 0.24876051344429873 0.24875206179175546
312 0.24875206179175546 0.2487435475519163
313 0.2487435475519163 0.24873497012547457
314 0.24873497012547457 0.24872632890704247
315 0.24872632890704247 0.2487176232850829
316 0.2487176232850829 0.2487088526418403
317 0.2487088526418403 0.2487000163532713
318 0.2487000163532713 0.2486911137889742
319 0.2486911137889742 0.24868214431211794
320 0.24868214431211794 0.24867310727937042
321 0.24867310727937042 0.248664002040826
322 0.248664002040826 0.24865482793993254
323 0.24865482793993254 0.24864558431341718
324 0.24864558431341718 0.24863627049121217
325 0.24863627049121217 0.24862688579637926
326 0.24862688579637926 0.2486174295450337
327 0.2486174295450337 0.24860790104626754
328 0.24860790104626754 0.24859829960207197
329 0.24859829960207197 0.2485886245072592
330 0.2485886245072592 0.2485788750493833
331 0.2485788750493833 0.24856905050866043
332 0.24856905050866043 0.2485591501578882
333 0.2485591501578882 0.2485491732623646
334 0.2485491732623646 0.24853911907980553
335 0.24853911907980553 0.24852898686026226
336 0.24852898686026226 0.24851877584603732
337 0.24851877584603732 0.2485084852716006
338 0.2485084852716006 0.24849811436350355
339 0.24849811436350355 0.2484876623402935
340 0.2484876623402935 0.24847712841242664
341 0.24847712841242664 0.2484665117821803
342 0.2484665117821803 0.24845581164356462
343 0.24845581164356462 0.24844502718223294
344 0.24844502718223294 0.24843415757539214
345 0.24843415757539214 0.2484232019917113
346 0.2484232019917113 0.24841215959123
347 0.24841215959123 0.24840102952526577
348 0.24840102952526577 0.24838981093632062
349 0.24838981093632062 0.2483785029579867
350 0.2483785029579867 0.24836710471485113
351 0.24836710471485113 0.2483556153224001
352 0.2483556153224001 0.24834403388692172
353 0.24834403388692172 0.2483323595054089
354 0.2483323595054089 0.24832059126546013
355 0.24832059126546013 0.24830872824518022
356 0.24830872824518022 0.24829676951308052
357 0.24829676951308052 0.2482847141279768
358 0.2482847141279768 0.24827256113888813
359 0.24827256113888813 0.24826030958493334
360 0.24826030958493334 0.2482479584952276
361 0.2482479584952276 0.2482355068887772
362 0.2482355068887772 0.24822295377437492
363 0.24822295377437492 0.2482102981504925
364 0.2482102981504925 0.24819753900517438
365 0.24819753900517438 0.24818467531592844
366 0.24818467531592844 0.2481717060496177
367 0.2481717060496177 0.2481586301623501
368 0.2481586301623501 0.24814544659936744
369 0.24814544659936744 0.24813215429493385
370 0.24813215429493385 0.2481187521722229
371 0.2481187521722229 0.2481052391432045
372 0.2481052391432045 0.24809161410852992
373 0.24809161410852992 0.24807787595741673
374 0.24807787595741673 0.2480640235675328
375 0.2480640235675328 0.24805005580487874
376 0.24805005580487874 0.24803597152367035
377 0.24803597152367035 0.24802176956621963
378 0.24802176956621963 0.2480074487628148
379 0.2480074487628148 0.24799300793160015
380 0.24799300793160015 0.2479784458784542
381 0.2479784458784542 0.2479637613968672
382 0.2479637613968672 0.24794895326781846
383 0.24794895326781846 0.24793402025965178
384 0.24793402025965178 0.2479189611279505
385 0.2479189611279505 0.24790377461541202
386 0.24790377461541202 0.24788845945172072
387 0.24788845945172072 0.2478730143534207
388 0.2478730143534207 0.24785743802378757
389 0.24785743802378757 0.24784172915269875
390 0.24784172915269875 0.24782588641650402
391 0.24782588641650402 0.24780990847789433
392 0.24780990847789433 0.24779379398577026
393 0.24779379398577026 0.24777754157510967
394 0.24777754157510967 0.24776114986683428
395 0.24776114986683428 0.2477446174676758
396 0.2477446174676758 0.24772794297004117
397 0.24772794297004117 0.24771112495187658
398 0.24771112495187658 0.24769416197653174
399 0.24769416197653174 0.24767705259262232
400 0.24767705259262232 0.24765979533389257
401 0.24765979533389257 0.24764238871907637
402 0.24764238871907637 0.24762483125175838
403 0.24762483125175838 0.24760712142023406
404 0.24760712142023406 0.24758925769736861
405 0.24758925769736861 0.24757123854045665
406 0.24757123854045665 0.24755306239107933
407 0.24755306239107933 0.2475347276749625
408 0.2475347276749625 0.24751623280183335
409 0.24751623280183335 0.24749757616527646
410 0.24749757616527646 0.24747875614258985
411 0.24747875614258985 0.24745977109463996
412 0.24745977109463996 0.24744061936571635
413 0.24744061936571635 0.24742129928338535
414 0.24742129928338535 0.24740180915834442
415 0.24740180915834442 0.24738214728427468
416 0.24738214728427468 0.24736231193769367
417 0.24736231193769367 0.2473423013778081
418 0.2473423013778081 0.24732211384636488
419 0.24732211384636488 0.24730174756750348
420 0.24730174756750348 0.24728120074760646
421 0.24728120074760646 0.24726047157515063
422 0.24726047157515063 0.24723955822055757
423 0.24723955822055757 0.2472184588360438
424 0.2472184588360438 0.24719717155547105
425 0.24719717155547105 0.24717569449419624
426 0.24717569449419624 0.24715402574892054
427 0.24715402574892054 0.24713216339754004
428 0.24713216339754004 0.24711010549899437
429 0.24711010549899437 0.24708785009311687
430 0.24708785009311687 0.24706539520048335
431 0.24706539520048335 0.2470427388222622
432 0.2470427388222622 0.24701987894006372
433 0.24701987894006372 0.24699681351578961
434 0.24699681351578961 0.24697354049148304
435 0.24697354049148304 0.24695005778917864
436 0.24695005778917864 0.24692636331075257
437 0.24692636331075257 0.24690245493777327
438 0.24690245493777327 0.24687833053135194
439 0.24687833053135194 0.24685398793199448
440 0.24685398793199448 0.2468294249594525
441 0.2468294249594525 0.24680463941257585
442 0.24680463941257585 0.24677962906916512
443 0.24677962906916512 0.24675439168582516
444 0.24675439168582516 0.24672892499781887
445 0.24672892499781887 0.24670322671892178
446 0.24670322671892178 0.24667729454127763
447 0.24667729454127763 0.2466511261352546
448 0.2466511261352546 0.2466247191493023
449 0.2466247191493023 0.24659807120980998
450 0.24659807120980998 0.24657117992096536
451 0.24657117992096536 0.24654404286461523
452 0.24654404286461523 0.2465166576001264
453 0.2465166576001264 0.24648902166424833
454 0.24648902166424833 0.24646113257097704
455 0.24646113257097704 0.2464329878114204
456 0.2464329878114204 0.2464045848536643
457 0.2464045848536643 0.24637592114264126
458 0.24637592114264126 0.2463469941000001
459 0.2463469941000001 0.24631780112397725
460 0.24631780112397725 0.24628833958926977
461 0.24628833958926977 0.24625860684691075
462 0.24625860684691075 0.2462286002241458
463 0.2462286002241458 0.2461983170243125
464 0.2461983170243125 0.2461677545267208
465 0.2461677545267208 0.24613690998653692
466 0.24613690998653692 0.24610578063466831
467 0.24610578063466831 0.24607436367765187
468 0.24607436367765187 0.2460426562975444
469 0.2460426562975444 0.24601065565181512
470 0.24601065565181512 0.2459783588732416
471 0.2459783588732416 0.2459457630698082
472 0.2459457630698082 0.24591286532460702
473 0.24591286532460702 0.24587966269574246
474 0.24587966269574246 0.24584615221623846
475 0.24584615221623846 0.24581233089394877
476 0.24581233089394877 0.24577819571147144
477 0.24577819571147144 0.24574374362606527
478 0.24574374362606527 0.24570897156957136
479 0.24570897156957136 0.2456738764483371
480 0.2456738764483371 0.2456384551431446
481 0.2456384551431446 0.24560270450914287
482 0.24560270450914287 0.24556662137578383
483 0.24556662137578383 0.2455302025467629
484 0.2455302025467629 0.24549344479996327
485 0.24549344479996327 0.24545634488740492
486 0.24545634488740492 0.2454188995351987
487 0.2454188995351987 0.2453811054435035
488 0.2453811054435035 0.24534295928649008
489 0.24534295928649008 0.24530445771230855
490 0.24530445771230855 0.24526559734306158
491 0.24526559734306158 0.24522637477478243
492 0.24522637477478243 0.2451867865774184
493 0.2451867865774184 0.24514682929482035
494 0.24514682929482035 0.24510649944473667
495 0.24510649944473667 0.24506579351881427
496 0.24506579351881427 0.24502470798260487
497 0.24502470798260487 0.24498323927557736
498 0.24498323927557736 0.2449413838111364
499 0.2449413838111364 0.24489913797664795
500 0.24489913797664795 0.24485649813347043
501 0.24485649813347043 0.24481346061699344
502 0.24481346061699344 0.24477002173668266
503 0.24477002173668266 0.24472617777613198
504 0.24472617777613198 0.24468192499312336
505 0.24468192499312336 0.24463725961969285
506 0.24463725961969285 0.24459217786220555
507 0.24459217786220555 0.24454667590143647
508 0.24454667590143647 0.2445007498926611
509 0.2445007498926611 0.24445439596575258
510 0.24445439596575258 0.24440761022528756
511 0.24440761022528756 0.24436038875066035
512 0.24436038875066035 0.24431272759620537
513 0.24431272759620537 0.24426462279132855
514 0.24426462279132855 0.24421607034064718
515 0.24421607034064718 0.24416706622413914
516 0.24416706622413914 0.244117606397301
517 0.244117606397301 0.24406768679131516
518 0.24406768679131516 0.2440173033132274
519 0.2440173033132274 0.24396645184613322
520 0.24396645184613322 0.24391512824937414
521 0.24391512824937414 0.24386332835874447
522 0.24386332835874447 0.24381104798670766
523 0.24381104798670766 0.24375828292262344
524 0.24375828292262344 0.24370502893298504
525 0.24370502893298504 0.24365128176166728
526 0.24365128176166728 0.24359703713018574
527 0.24359703713018574 0.2435422907379663
528 0.2435422907379663 0.24348703826262622
529 0.24348703826262622 0.24343127536026674
530 0.24343127536026674 0.2433749976657767
531 0.2433749976657767 0.24331820079314784
532 0.24331820079314784 0.24326088033580218
533 0.24326088033580218 0.2432030318669311
534 0.2432030318669311 0.24314465093984636
535 0.24314465093984636 0.24308573308834408
536 0.24308573308834408 0.24302627382707956
537 0.24302627382707956 0.2429662686519567
538 0.2429662686519567 0.24290571304052821
539 0.24290571304052821 0.2428446024524095
540 0.2428446024524095 0.2427829323297057
541 0.2427829323297057 0.24272069809745084
542 0.24272069809745084 0.24265789516406108
543 0.24265789516406108 0.24259451892180103
544 0.24259451892180103 0.2425305647472629
545 0.2425305647472629 0.24246602800185976
546 0.24246602800185976 0.24240090403233253
547 0.24240090403233253 0.24233518817127003
548 0.24233518817127003 0.24226887573764347
549 0.24226887573764347 0.24220196203735467
550 0.24220196203735467 0.24213444236379766
551 0.24213444236379766 0.24206631199843592
552 0.24206631199843592 0.24199756621139168
553 0.24199756621139168 0.24192820026205109
554 0.24192820026205109 0.24185820939968275
555 0.24185820939968275 0.241787588864071
556 0.241787588864071 0.2417163338861631
557 0.2417163338861631 0.24164443968873134
558 0.24164443968873134 0.24157190148704916
559 0.24157190148704916 0.2414987144895815
560 0.2414987144895815 0.24142487389869038
561 0.24142487389869038 0.24135037491135394
562 0.24135037491135394 0.24127521271990063
563 0.24127521271990063 0.2411993825127572
564 0.2411993825127572 0.24112287947521158
565 0.24112287947521158 0.24104569879018986
566 0.24104569879018986 0.24096783563904725
567 0.24096783563904725 0.24088928520237382
568 0.24088928520237382 0.24081004266081377
569 0.24081004266081377 0.24073010319589933
570 0.24073010319589933 0.24064946199089807
571 0.24064946199089807 0.24056811423167426
572 0.24056811423167426 0.24048605510756416
573 0.24048605510756416 0.2404032798122644
574 0.2404032798122644 0.24031978354473443
575 0.24031978354473443 0.24023556151011138
576 0.24023556151011138 0.24015060892063914
577 0.24015060892063914 0.240064920996609
578 0.240064920996609 0.23997849296731438
579 0.23997849296731438 0.23989132007201663
580 0.23989132007201663 0.2398033975609244
581 0.2398033975609244 0.23971472069618402
582 0.23971472069618402 0.2396252847528822
583 0.2396252847528822 0.2395350850200598
584 0.2395350850200598 0.23944411680173694
585 0.23944411680173694 0.23935237541794924
586 0.23935237541794924 0.23925985620579357
587 0.23925985620579357 0.23916655452048557
588 0.23916655452048557 0.23907246573642535
589 0.23907246573642535 0.23897758524827364
590 0.23897758524827364 0.23888190847203686
591 0.23888190847203686 0.23878543084616027
592 0.23878543084616027 0.23868814783263012
593 0.23868814783263012 0.23859005491808252
594 0.23859005491808252 0.23849114761492093
595 0.23849114761492093 0.2383914214624389
596 0.2383914214624389 0.2382908720279508
597 0.2382908720279508 0.23818949490792649
598 0.23818949490792649 0.23808728572913268
599 0.23808728572913268 0.23798424014977843
600 0.23798424014977843 0.23788035386066445
601 0.23788035386066445 0.23777562258633667
602 0.23777562258633667 0.2376700420862418
603 0.2376700420862418 0.2375636081558857
604 0.2375636081558857 0.2374563166279934
605 0.2374563166279934 0.23734816337367
606 0.23734816337367 0.23723914430356136
607 0.23723914430356136 0.23712925536901514
608 0.23712925536901514 0.23701849256323979
609 0.23701849256323979 0.23690685192246266
610 0.23690685192246266 0.2367943295270845
611 0.2367943295270845 0.23668092150283115
612 0.23668092150283115 0.23656662402190043
613 0.23656662402190043 0.2364514333041045
614 0.2364514333041045 0.23633534561800632
615 0.23633534561800632 0.23621835728204885
616 0.23621835728204885 0.2361004646656773
617 0.2361004646656773 0.23598166419045258
618 0.23598166419045258 0.2358619523311555
619 0.2358619523311555 0.23574132561688071
620 0.23574132561688071 0.23561978063211952
621 0.23561978063211952 0.23549731401783058
622 0.23549731401783058 0.23537392247249725
623 0.23537392247249725 0.2352496027531715
624 0.2352496027531715 0.23512435167650236
625 0.23512435167650236 0.2349981661197485
626 0.2349981661197485 0.23487104302177386
627 0.23487104302177386 0.23474297938402539
628 0.23474297938402539 0.23461397227149153
629 0.23461397227149153 0.2344840188136408
630 0.2344840188136408 0.23435311620533947
631 0.23435311620533947 0.23422126170774688
632 0.23422126170774688 0.2340884526491871
633 0.2340884526491871 0.23395468642599807
634 0.23395468642599807 0.23381996050335296
635 0.23381996050335296 0.23368427241605738
636 0.23368427241605738 0.23354761976931773
637 0.23354761976931773 0.2334100002394816
638 0.2334100002394816 0.2332714115747486
639 0.2332714115747486 0.23313185159585018
640 0.23313185159585018 0.23299131819669797
641 0.23299131819669797 0.23284980934499924
642 0.23284980934499924 0.2327073230828383
643 0.2327073230828383 0.23256385752722294
644 0.23256385752722294 0.2324194108705951
645 0.2324194108705951 0.23227398138130367
646 0.23227398138130367 0.23212756740404006
647 0.23212756740404006 0.23198016736023405
648 0.23198016736023405 0.2318317797484088
649 0.2318317797484088 0.231682403144496
650 0.231682403144496 0.231532036202107
651 0.231532036202107 0.23138067765276182
652 0.23138067765276182 0.23122832630607348
653 0.23122832630607348 0.23107498104988672
654 0.23107498104988672 0.23092064085037056
655 0.23092064085037056 0.2307653047520642
656 0.2307653047520642 0.2306089718778736
657 0.2306089718778736 0.23045164142902047
658 0.23045164142902047 0.23029331268493963
659 0.23029331268493963 0.23013398500312737
660 0.23013398500312737 0.22997365781893625
661 0.22997365781893625 0.22981233064531906
662 0.22981233064531906 0.22965000307251837
663 0.22965000307251837 0.22948667476770251
664 0.22948667476770251 0.22932234547454694
665 0.22932234547454694 0.22915701501275937
666 0.22915701501275937 0.22899068327754976
667 0.22899068327754976 0.22882335023904235
668 0.22882335023904235 0.22865501594163098
669 0.22865501594163098 0.2284856805032767
670 0.2284856805032767 0.22831534411474538
671 0.22831534411474538 0.2281440070387878
672 0.2281440070387878 0.2279716696092592
673 0.2279716696092592 0.22779833223017917
674 0.22779833223017917 0.22762399537473124
675 0.22762399537473124 0.2274486595842013
676 0.2274486595842013 0.22727232546685514
677 0.22727232546685514 0.22709499369675476
678 0.22709499369675476 0.22691666501251304
679 0.22691666501251304 0.2267373402159859
680 0.2267373402159859 0.22655702017090404
681 0.22655702017090404 0.22637570580144056
682 0.22637570580144056 0.22619339809071862
683 0.22619339809071862 0.22601009807925493
684 0.22601009807925493 0.22582580686334267
685 0.22582580686334267 0.2256405255933714
686 0.2256405255933714 0.22545425547208553
687 0.22545425547208553 0.22526699775278083
688 0.22526699775278083 0.22507875373743938
689 0.22507875373743938 0.22488952477480312
690 0.22488952477480312 0.22469931225838682
691 0.22469931225838682 0.22450811762442993
692 0.22450811762442993 0.22431594234978838
693 0.22431594234978838 0.22412278794976687
694 0.22412278794976687 0.22392865597589132
695 0.22392865597589132 0.22373354801362297
696 0.22373354801362297 0.22353746568001467
697 0.22353746568001467 0.2233404106213085
698 0.2233404106213085 0.2231423845104779
699 0.2231423845104779 0.22294338904471314
700 0.22294338904471314 0.22274342594285107
701 0.22274342594285107 0.2225424969427513
702 0.2225424969427513 0.22234060379861798
703 0.22234060379861798 0.22213774827826926
704 0.22213774827826926 0.22193393216035515
705 0.22193393216035515 0.22172915723152414
706 0.22172915723152414 0.22152342528354063
707 0.22152342528354063 0.22131673811035363
708 0.22131673811035363 0.22110909750511787
709 0.22110909750511787 0.22090050525716884
710 0.22090050525716884 0.22069096314895215
711 0.22069096314895215 0.22048047295291026
712 0.22048047295291026 0.22026903642832513
713 0.22026903642832513 0.2200566553181208
714 0.2200566553181208 0.21984333134562556
715 0.21984333134562556 0.21962906621129577
716 0.21962906621129577 0.21941386158940265
717 0.21941386158940265 0.21919771912468333
718 0.21919771912468333 0.21898064042895768
719 0.21898064042895768 0.21876262707771316
720 0.21876262707771316 0.21854368060665777
721 0.21854368060665777 0.21832380250824396
722 0.21832380250824396 0.21810299422816468
723 0.21810299422816468 0.21788125716182322
724 0.21788125716182322 0.21765859265077803
725 0.21765859265077803 0.21743500197916502
726 0.21743500197916502 0.21721048637009854
727 0.21721048637009854 0.2169850469820527
728 0.2169850469820527 0.2167586849052249
729 0.2167586849052249 0.21653140115788364
730 0.21653140115788364 0.21630319668270126
731 0.21630319668270126 0.21607407234307538
732 0.21607407234307538 0.21584402891943844
733 0.21584402891943844 0.21561306710555905
734 0.21561306710555905 0.21538118750483617
735 0.21538118750483617 0.21514839062658797
736 0.21514839062658797 0.21491467688233723
737 0.21491467688233723 0.21468004658209525
738 0.21468004658209525 0.21444449993064668
739 0.21444449993064668 0.21420803702383517
740 0.21420803702383517 0.21397065784485472
741 0.21397065784485472 0.2137323622605458
742 0.2137323622605458 0.2134931500176997
743 0.2134931500176997 0.21325302073937322
744 0.21325302073937322 0.2130119739212138
745 0.2130119739212138 0.21277000892779907
746 0.21277000892779907 0.21252712498899207
747 0.21252712498899207 0.21228332119631257
748 0.21228332119631257 0.21203859649932932
749 0.21203859649932932 0.21179294970207202
750 0.21179294970207202 0.2115463794594674
751 0.2115463794594674 0.21129888427379945
752 0.21129888427379945 0.21105046249119755
753 0.21105046249119755 0.21080111229815277
754 0.21080111229815277 0.2105508317180649
755 0.2105508317180649 0.21029961860782248
756 0.21029961860782248 0.21004747065441756
757 0.21004747065441756 0.2097943853715965
758 0.2097943853715965 0.20954036009654955
759 0.20954036009654955 0.20928539198664126
760 0.20928539198664126 0.2090294780161825
761 0.2090294780161825 0.20877261497324706
762 0.20877261497324706 0.2085147994565352
763 0.2085147994565352 0.2082560278722841
764 0.2082560278722841 0.2079962964312298
765 0.2079962964312298 0.2077356011456207
766 0.2077356011456207 0.20747393782628534
767 0.20747393782628534 0.20721130207975608
768 0.20721130207975608 0.20694768930545154
769 0.20694768930545154 0.20668309469291923
770 0.20668309469291923 0.20641751321913948
771 0.20641751321913948 0.20615093964589495
772 0.20615093964589495 0.20588336851720598
773 0.20588336851720598 0.20561479415683437
774 0.20561479415683437 0.2053452106658578
775 0.2053452106658578 0.2050746119203174
776 0.2050746119203174 0.2048029915689398
777 0.2048029915689398 0.2045303430309368
778 0.2045303430309368 0.20425665949388389
779 0.20425665949388389 0.20398193391168082
780 0.20398193391168082 0.20370615900259595
781 0.20370615900259595 0.20342932724739707
782 0.20342932724739707 0.20315143088757015
783 0.20315143088757015 0.20287246192363012
784 0.20287246192363012 0.2025924121135242
785 0.2025924121135242 0.2023112729711319
786 0.2023112729711319 0.20202903576486297
787 0.20202903576486297 0.20174569151635652
788 0.20174569151635652 0.20146123099928398
789 0.20146123099928398 0.2011756447382584
790 0.2011756447382584 0.2008889230078523
791 0.2008889230078523 0.20060105583172833
792 0.20060105583172833 0.20031203298188346
793 0.20031203298188346 0.2000218439780118
794 0.2000218439780118 0.19973047808698693
795 0.19973047808698693 0.1994379243224687
796 0.1994379243224687 0.19914417144463586
797 0.19914417144463586 0.19884920796004868
798 0.19884920796004868 0.19855302212164447
799 0.19855302212164447 0.1982556019288692
800 0.1982556019288692 0.19795693512794876
801 0.19795693512794876 0.19765700921230253
802 0.19765700921230253 0.19735581142310404
803 0.19735581142310404 0.19705332874999065
804 0.19705332874999065 0.19674954793192745
805 0.19674954793192745 0.19644445545822692
806 0.19644445545822692 0.19613803756973122
807 0.19613803756973122 0.195830280260157
808 0.195830280260157 0.19552116927760999
809 0.19552116927760999 0.19521069012627118
810 0.19521069012627118 0.19489882806825942
811 0.19489882806825942 0.19458556812567446
812 0.19458556812567446 0.19427089508282372
813 0.19427089508282372 0.19395479348863837
814 0.19395479348863837 0.19363724765928123
815 0.19363724765928123 0.19331824168095232
816 0.19331824168095232 0.192997759412895
817 0.192997759412895 0.1926757844906078
818 0.1926757844906078 0.1923523003292664
819 0.1923523003292664 0.19202729012735958
820 0.19202729012735958 0.19170073687054387
821 0.19170073687054387 0.19137262333572155
822 0.19137262333572155 0.1910429320953462
823 0.1910429320953462 0.19071164552196052
824 0.19071164552196052 0.1903787457929703
825 0.1903787457929703 0.19004421489566029
826 0.19004421489566029 0.18970803463245506
827 0.18970803463245506 0.18937018662642996
828 0.18937018662642996 0.18903065232707733
829 0.18903065232707733 0.18868941301633063
830 0.18868941301633063 0.1883464498148526
831 0.1883464498148526 0.18800174368859102
832 0.18800174368859102 0.18765527545560598
833 0.18765527545560598 0.18730702579317393
834 0.18730702579317393 0.18695697524517113
835 0.18695697524517113 0.18660510422974233
836 0.18660510422974233 0.1862513930472565
837 0.1862513930472565 0.1858958218885558
838 0.1858958218885558 0.18553837084349878
839 0.18553837084349878 0.18517901990980384
840 0.18517901990980384 0.18481774900219475
841 0.18481774900219475 0.18445453796185166
842 0.18445453796185166 0.18408936656617125
843 0.18408936656617125 0.18372221453883816
844 0.18372221453883816 0.18335306156021028
845 0.18335306156021028 0.1829818872780209
846 0.1829818872780209 0.18260867131839914
847 0.18260867131839914 0.1822333932972107
848 0.1822333932972107 0.1818560328317208
849 0.1818560328317208 0.18147656955257993
850 0.18147656955257993 0.1810949831161341
851 0.1810949831161341 0.1807112532170595
852 0.1807112532170595 0.1803253596013224
853 0.1803253596013224 0.1799372820794636
854 0.1799372820794636 0.17954700054020736
855 0.17954700054020736 0.17915449496439406
856 0.17915449496439406 0.1787597454392344
857 0.1787597454392344 0.17836273217288418
858 0.17836273217288418 0.17796343550933744
859 0.17796343550933744 0.1775618359436344
860 0.1775618359436344 0.1771579141373817
861 0.1771579141373817 0.17675165093458134
862 0.17675165093458134 0.17634302737776333
863 0.17634302737776333 0.17593202472441777
864 0.17593202472441777 0.17551862446372082
865 0.17551862446372082 0.1751028083335488
866 0.1751028083335488 0.17468455833777308
867 0.17468455833777308 0.17426385676382986
868 0.17426385676382986 0.17384068620055537
869 0.17384068620055537 0.17341502955628013
870 0.17341502955628013 0.17298687007717028
871 0.17298687007717028 0.17255619136580955
872 0.17255619136580955 0.17212297740000834
873 0.17212297740000834 0.1716872125518303
874 0.1716872125518303 0.17124888160682467
875 0.17124888160682467 0.17080796978345048
876 0.17080796978345048 0.1703644627526807
877 0.1703644627526807 0.16991834665777128
878 0.16991834665777128 0.16946960813418024
879 0.16946960813418024 0.16901823432962249
880 0.16901823432962249 0.16856421292424179
881 0.16856421292424179 0.16810753215088503
882 0.16810753215088503 0.16764818081545987
883 0.16764818081545987 0.16718614831735693
884 0.16718614831735693 0.16672142466991785
885 0.16672142466991785 0.1662540005209291
886 0.1662540005209291 0.16578386717312005
887 0.16578386717312005 0.16531101660464467
888 0.16531101660464467 0.16483544148952392
889 0.16483544148952392 0.1643571352180263
890 0.1643571352180263 0.16387609191696237
891 0.16387609191696237 0.1633923064698705
892 0.1633923064698705 0.16290577453706576
893 0.16290577453706576 0.16241649257553048
894 0.16241649257553048 0.16192445785861664
895 0.16192445785861664 0.16142966849553542
896 0.16142966849553542 0.16093212345060623
897 0.16093212345060623 0.16043182256223665
898 0.16043182256223665 0.159928766561606
899 0.159928766561606 0.1594229570910232
900 0.1594229570910232 0.15891439672192972
901 0.15891439672192972 0.15840308897251854
902 0.15840308897251854 0.1578890383249389
903 0.1578890383249389 0.15737225024205703
904 0.15737225024205703 0.15685273118374218
905 0.15685273118374218 0.156330488622648
906 0.156330488622648 0.1558055310594584
907 0.1558055310594584 0.15527786803756677
908 0.15527786803756677 0.15474751015715899
909 0.15474751015715899 0.15421446908866898
910 0.15421446908866898 0.1536787575855763
911 0.1536787575855763 0.15314038949651565
912 0.15314038949651565 0.15259937977666888
913 0.15259937977666888 0.15205574449840908
914 0.15205574449840908 0.15150950086116802
915 0.15150950086116802 0.15096066720049772
916 0.15096066720049772 0.15040926299629936
917 0.15040926299629936 0.14985530888018977
918 0.14985530888018977 0.14929882664198083
919 0.14929882664198083 0.14873983923524442
920 0.14873983923524442 0.14817837078193852
921 0.14817837078193852 0.14761444657606942
922 0.14761444657606942 0.14704809308636832
923 0.14704809308636832 0.14647933795795795
924 0.14647933795795795 0.14590821001299092
925 0.14590821001299092 0.14533473925023835
926 0.14533473925023835 0.14475895684361065
927 0.14475895684361065 0.14418089513959473
928 0.14418089513959473 0.14360058765359063
929 0.14360058765359063 0.14301806906513492
930 0.14301806906513492 0.14243337521199786
931 0.14243337521199786 0.14184654308314415
932 0.14184654308314415 0.14125761081054822
933 0.14125761081054822 0.14066661765985705
934 0.14066661765985705 0.14007360401989546
935 0.14007360401989546 0.13947861139101017
936 0.13947861139101017 0.1388816823722523
937 0.1388816823722523 0.13828286064739725
938 0.13828286064739725 0.13768219096980686
939 0.13768219096980686 0.1370797191461365
940 0.1370797191461365 0.13647549201889556
941 0.13647549201889556 0.135869557447869
942 0.135869557447869 0.13526196429041254
943 0.13526196429041254 0.13465276238063298
944 0.13465276238063298 0.1340420025074706
945 0.1340420025074706 0.13342973639170008
946 0.13342973639170008 0.13281601666187035
947 0.13281601666187035 0.1322008968292043
948 0.1322008968292043 0.13158443126148303
949 0.13158443126148303 0.13096667515594002
950 0.13096667515594002 0.13034768451119347
951 0.13034768451119347 0.12972751609824631
952 0.12972751609824631 0.12910622743058633
953 0.12910622743058633 0.12848387673341974
954 0.12848387673341974 0.12786052291207392
955 0.12786052291207392 0.12723622551960653
956 0.12723622551960653 0.12661104472366033
957 0.12661104472366033 0.12598504127260393
958 0.12598504127260393 0.1253582764610009
959 0.1253582764610009 0.12473081209445071
960 0.12473081209445071 0.12410271045384624
961 0.12410271045384624 0.12347403425909431
962 0.12347403425909431 0.12284484663234652
963 0.12284484663234652 0.12221521106078827
964 0.12221521106078827 0.1215851913590356
965 0.1215851913590356 0.12095485163118971
966 0.12095485163118971 0.12032425623260012
967 0.12032425623260012 0.11969346973138724
968 0.11969346973138724 0.11906255686977645
969 0.11906255686977645 0.1184315825252959
970 0.1184315825252959 0.11780061167188972
971 0.11780061167188972 0.11716970934099927
972 0.11716970934099927 0.11653894058266503
973 0.11653894058266503 0.11590837042670048
974 0.11590837042670048 0.11527806384399046
975 0.11527806384399046 0.11464808570796495
976 0.11464808570796495 0.11401850075629934
977 0.11401850075629934 0.1133893735528913
978 0.1133893735528913 0.11276076845016364
979 0.11276076845016364 0.11213274955174168
980 0.11213274955174168 0.11150538067555286
981 0.11150538067555286 0.11087872531739476
982 0.11087872531739476 0.11025284661501701
983 0.11025284661501701 0.10962780731276074
984 0.10962780731276074 0.10900366972679872
985 0.10900366972679872 0.10838049571101643
986 0.10838049571101643 0.10775834662357466
987 0.10775834662357466 0.10713728329419034
988 0.10713728329419034 0.10651736599217308
989 0.10651736599217308 0.10589865439525098
990 0.10589865439525098 0.10528120755921858
991 0.10528120755921858 0.10466508388843812
992 0.10466508388843812 0.10405034110722222
993 0.10405034110722222 0.1034370362321255
994 0.1034370362321255 0.1028252255451702
995 0.1028252255451702 0.1022149645680277
996 0.1022149645680277 0.10160630803717786
997 0.10160630803717786 0.10099930988006484
998 0.10099930988006484 0.10039402319226531
999 0.10039402319226531 0.09979050021568497
1000 0.09979050021568497 0.09918879231779537
1001 0.09918879231779537 0.09858894997192139
1002 0.09858894997192139 0.09799102273858863
1003 0.09799102273858863 0.09739505924793737
1004 0.09739505924793737 0.0968011071832066
1005 0.0968011071832066 0.0962092132652922
1006 0.0962092132652922 0.09561942323837924
1007 0.09561942323837924 0.09503178185664736
1008 0.09503178185664736 0.09444633287204662
1009 0.09444633287204662 0.09386311902313901
1010 0.09386311902313901 0.09328218202499897
1011 0.09328218202499897 0.0927035625601653
1012 0.0927035625601653 0.09212730027063439
1013 0.09212730027063439 0.09155343375088391
1014 0.09155343375088391 0.09098200054191419
1015 0.09098200054191419 0.09041303712629285
1016 0.09041303712629285 0.08984657892418783
1017 0.08984657892418783 0.08928266029037195
1018 0.08928266029037195 0.08872131451218092
1019 0.08872131451218092 0.08816257380840566
1020 0.08816257380840566 0.08760646932909998
1021 0.08760646932909998 0.08705303115628077
1022 0.08705303115628077 0.08650228830550054
1023 0.08650228830550054 0.0859542687282684
1024 0.0859542687282684 0.08540899931529673
1025 0.08540899931529673 0.08486650590054849
1026 0.08486650590054849 0.08432681326606153
1027 0.08432681326606153 0.08378994514752361
1028 0.08378994514752361 0.08325592424057254
1029 0.08325592424057254 0.08272477220779603
1030 0.08272477220779603 0.08219650968640368
1031 0.08219650968640368 0.08167115629654463
1032 0.08167115629654463 0.08114873065024479
1033 0.08114873065024479 0.08062925036093531
1034 0.08062925036093531 0.08011273205354555
1035 0.08011273205354555 0.07959919137513419
1036 0.07959919137513419 0.07908864300603001
1037 0.07908864300603001 0.07858110067145582
1038 0.07858110067145582 0.07807657715360947
1039 0.07807657715360947 0.07757508430417358
1040 0.07757508430417358 0.077076633057229
1041 0.077076633057229 0.076581233442545
1042 0.076581233442545 0.07608889459922041
1043 0.07608889459922041 0.07559962478965059
1044 0.07559962478965059 0.07511343141379451
1045 0.07511343141379451 0.07463032102371779
1046 0.07463032102371779 0.07415029933838722
1047 0.07415029933838722 0.073673371258693
1048 0.073673371258693 0.07319954088267562
1049 0.07319954088267562 0.07272881152093452
1050 0.07272881152093452 0.0722611857121967
1051 0.0722611857121967 0.07179666523902328
1052 0.07179666523902328 0.07133525114363368
1053 0.07133525114363368 0.07087694374382647
1054 0.07087694374382647 0.07042174264897746
1055 0.07042174264897746 0.0699696467760962
1056 0.0699696467760962 0.06952065436592166
1057 0.06952065436592166 0.06907476299904061
1058 0.06907476299904061 0.06863196961201001
1059 0.06863196961201001 0.06819227051346803
1060 0.06819227051346803 0.06775566140021744
1061 0.06775566140021744 0.06732213737326656
1062 0.06732213737326656 0.06689169295381239
1063 0.06689169295381239 0.06646432209915316
1064 0.06646432209915316 0.06604001821851634
1065 0.06604001821851634 0.06561877418878947
1066 0.06561877418878947 0.06520058237014272
1067 0.06520058237014272 0.06478543462153043
1068 0.06478543462153043 0.06437332231606256
1069 0.06437332231606256 0.06396423635623452
1070 0.06396423635623452 0.06355816718900668
1071 0.06355816718900668 0.06315510482072464
1072 0.06315510482072464 0.06275503883187128
1073 0.06275503883187128 0.0623579583916436
1074 0.0623579583916436 0.06196385227234644
1075 0.06196385227234644 0.06157270886359717
1076 0.06157270886359717 0.061184516186334005
1077 0.061184516186334005 0.06079926190662334
1078 0.06079926190662334 0.060416933349260626
1079 0.060416933349260626 0.06003751751115945
1080 0.06003751751115945 0.05966100107452567
1081 0.05966100107452567 0.05928737041981156
1082 0.05928737041981156 0.0589166116384478
1083 0.0589166116384478 0.05854871054534945
1084 0.05854871054534945 0.05818365269119361
1085 0.05818365269119361 0.05782142337446682
1086 0.05782142337446682 0.05746200765328014
1087 0.05746200765328014 0.0571053903569505
1088 0.0571053903569505 0.05675155609734712
1089 0.05675155609734712 0.05640048928000252
1090 0.05640048928000252 0.05605217411498719
1091 0.05605217411498719 0.05570659462754805
1092 0.05570659462754805 0.05536373466851069
1093 0.05536373466851069 0.05502357792444579
1094 0.05502357792444579 0.054686107927600015
1095 0.054686107927600015 0.05435130806559294
1096 0.05435130806559294 0.05401916159088018
1097 0.05401916159088018 0.05368965162998468
1098 0.05368965162998468 0.053362761192497464
1099 0.053362761192497464 0.05303847317984925
1100 0.05303847317984925 0.0527167703938553
1101 0.0527167703938553 0.05239763554503494
1102 0.05239763554503494 0.05208105126070835
1103 0.05208105126070835 0.051767000092872856
1104 0.051767000092872856 0.05145546452586083
1105 0.05145546452586083 0.05114642698378239
1106 0.05114642698378239 0.050839869837754736
1107 0.050839869837754736 0.05053577541292184
1108 0.05053577541292184 0.050234125995266804
1109 0.050234125995266804 0.04993490383821948
1110 0.04993490383821948 0.04963809116906365
1111 0.04963809116906365 0.049343670195145364
1112 0.049343670195145364 0.04905162310988674
1113 0.04905162310988674 0.048761932098607796
1114 0.048761932098607796 0.04847457934415991
1115 0.04847457934415991 0.048189547032374165
1116 0.048189547032374165 0.047906817357327686
1117 0.047906817357327686 0.04762637252643168
1118 0.04762637252643168 0.04734819476534442
1119 0.04734819476534442 0.04707226632271247
1120 0.04707226632271247 0.04679856947474379
1121 0.04679856947474379 0.04652708652961586
1122 0.04652708652961586 0.04625779983172277
1123 0.04625779983172277 0.04599069176576388
1124 0.04599069176576388 0.04572574476067837
1125 0.04572574476067837 0.04546294129342862
1126 0.04546294129342862 0.04520226389263545
1127 0.04520226389263545 0.044943695142069556
1128 0.044943695142069556 0.044687217684001704
1129 0.044687217684001704 0.044432814222415164
1130 0.044432814222415164 0.044180467526084
1131 0.044180467526084 0.04393016043152018
1132 0.04393016043152018 0.04368187584579288
1133 0.04368187584579288 0.043435596749223065
1134 0.043435596749223065 0.04319130619795697
1135 0.04319130619795697 0.042948987326420725
1136 0.042948987326420725 0.04270862334966042
1137 0.04270862334966042 0.04247019756556946
1138 0.04247019756556946 0.04223369335700729
1139 0.04223369335700729 0.04199909419381141
1140 0.04199909419381141 0.041766383634706854
1141 0.041766383634706854 0.041535545329114756
1142 0.041535545329114756 0.041306563018863686
1143 0.041306563018863686 0.04107942053980617
1144 0.04107942053980617 0.04085410182334356
1145 0.04085410182334356 0.04063059089786104
1146 0.04063059089786104 0.04040887189007668
1147 0.04040887189007668 0.0401889290263059
1148 0.0401889290263059 0.039970746633644826
1149 0.039970746633644826 0.039754309141074605
1150 0.039754309141074605 0.03953960108048897
1151 0.03953960108048897 0.039326607087648
1152 0.039326607087648 0.03911531190305979
1153 0.03911531190305979 0.038905700372792944
1154 0.038905700372792944 0.038697757449221534
1155 0.038697757449221534 0.03849146819170528
1156 0.03849146819170528 0.03828681776720665
1157 0.03828681776720665 0.038083791450847546
1158 0.038083791450847546 0.03788237462640666
1159 0.03788237462640666 0.03768255278676074
1160 0.03768255278676074 0.03748431153427071
1161 0.03748431153427071 0.03728763658111531
1162 0.03728763658111531 0.03709251374957326
1163 0.03709251374957326 0.036898928972256925
1164 0.036898928972256925 0.03670686829229793
1165 0.03670686829229793 0.03651631786348776
1166 0.03651631786348776 0.03632726395037397
1167 0.03632726395037397 0.03613969292831436
1168 0.03613969292831436 0.035953591283490224
1169 0.035953591283490224 0.035768945612880756
1170 0.035768945612880756 0.03558574262419947
1171 0.03558574262419947 0.03540396913579472
1172 0.03540396913579472 0.03522361207651557
1173 0.03522361207651557 0.035044658485543924
1174 0.035044658485543924 0.034867095512195315
1175 0.034867095512195315 0.034690910415688524
1176 0.034690910415688524 0.03451609056488611
1177 0.03451609056488611 0.034342623438006835
1178 0.034342623438006835 0.03417049662231108
1179 0.03417049662231108 0.03399969781376063
1180 0.03399969781376063 0.03383021481665377
1181 0.03383021481665377 0.033662035543237094
1182 0.033662035543237094 0.03349514801329471
1183 0.03349514801329471 0.03332954035371617
1184 0.03332954035371617 0.03316520079804415
1185 0.03316520079804415 0.03300211768600261
1186 0.03300211768600261 0.03284027946300655
1187 0.03284027946300655 0.032679674679654325
1188 0.032679674679654325 0.03252029199120345
1189 0.03252029199120345 0.03236212015703034
1190 0.03236212015703034 0.03220514804007551
1191 0.03220514804007551 0.03204936460627437
1192 0.03204936460627437 0.0318947589239749
1193 0.0318947589239749 0.03174132016334263
1194 0.03174132016334263 0.0315890375957539
1195 0.0315890375957539 0.03143790059317785
1196 0.03143790059317785 0.03128789862754808
1197 0.03128789862754808 0.031139021270124505
1198 0.031139021270124505 0.030991258190846027
1199 0.030991258190846027 0.030844599157674693
1200 0.030844599157674693 0.030699034035931935
1201 0.030699034035931935 0.030554552787627465
1202 0.030554552787627465 0.03041114547078127
1203 0.03041114547078127 0.030268802238739526
1204 0.030268802238739526 0.030127513339484494
1205 0.030127513339484494 0.02998726911493938
1206 0.02998726911493938 0.029848060000268316
1207 0.029848060000268316 0.029709876523172054
1208 0.029709876523172054 0.02957270930317975
1209 0.02957270930317975 0.02943654905093734
1210 0.02943654905093734 0.029301386567492826
1211 0.029301386567492826 0.029167212743578984
1212 0.029167212743578984 0.029034018558893867
1213 0.029034018558893867 0.02890179508137923
1214 0.02890179508137923 0.02877053346649748
1215 0.02877053346649748 0.02864022495650768
1216 0.02864022495650768 0.028510860879740342
1217 0.028510860879740342 0.028382432649871666
1218 0.028382432649871666 0.028254931765197874
1219 0.028254931765197874 0.028128349807909164
1220 0.028128349807909164 0.028002678443364078
1221 0.028002678443364078 0.027877909419364633
1222 0.027877909419364633 0.027754034565431962
1223 0.027754034565431962 0.02763104579208314
1224 0.02763104579208314 0.02750893509010945
1225 0.02750893509010945 0.027387694529855802
1226 0.027387694529855802 0.02726731626050219
1227 0.02726731626050219 0.027147792509346933
1228 0.027147792509346933 0.027029115581092066
1229 0.027029115581092066 0.02691127785713092
1230 0.02691127785713092 0.026794271794838308
1231 0.026794271794838308 0.02667808992686328
1232 0.02667808992686328 0.026562724860424717
1233 0.026562724860424717 0.02644816927660972
1234 0.02644816927660972 0.026334415929675305
1235 0.026334415929675305 0.02622145764635322
1236 0.02622145764635322 0.026109287325158083
1237 0.026109287325158083 0.025997897935698962
1238 0.025997897935698962 0.025887282517994714
1239 0.025887282517994714 0.025777434181792954
1240 0.025777434181792954 0.025668346105892574
1241 0.025668346105892574 0.025560011537470638
1242 0.025560011537470638 0.025452423791412836
1243 0.025452423791412836 0.02534557624964829
1244 0.02534557624964829 0.025239462360488407
1245 0.025239462360488407 0.025134075637969967
1246 0.025134075637969967 0.025029409661202488
1247 0.025029409661202488 0.02492545807372009
1248 0.02492545807372009 0.024822214582837725
1249 0.024822214582837725 0.02471967295901175
1250 0.02471967295901175 0.024617827035205358
1251 0.024617827035205358 0.024516670706258296
1252 0.024516670706258296 0.02441619792826133
1253 0.02441619792826133 0.024316402717935566
1254 0.024316402717935566 0.024217279152016144
1255 0.024217279152016144 0.02411882136664093
1256 0.02411882136664093 0.024021023556744025
1257 0.024021023556744025 0.023923879975453765
1258 0.023923879975453765 0.02382738493349602
1259 0.02382738493349602 0.023731532798601844
1260 0.023731532798601844 0.02363631799492048
1261 0.02363631799492048 0.023541735002436857
1262 0.023541735002436857 0.0234477783563942
1263 0.0234477783563942 0.023354442646721582
1264 0.023354442646721582 0.023261722517466187
1265 0.023261722517466187 0.023169612666230723
1266 0.023169612666230723 0.023078107843615598
1267 0.023078107843615598 0.022987202852666196
1268 0.022987202852666196 0.022896892548324922
1269 0.022896892548324922 0.022807171836888185
1270 0.022807171836888185 0.022718035675468498
1271 0.022718035675468498 0.022629479071461178
1272 0.022629479071461178 0.02254149708201626
1273 0.02254149708201626 0.02245408481351517
1274 0.02245408481351517 0.022367237421052157
1275 0.022367237421052157 0.02228095010792092
1276 0.02228095010792092 0.022195218125105817
1277 0.022195218125105817 0.022110036770778024
1278 0.022110036770778024 0.022025401389796494
1279 0.022025401389796494 0.02194130737321378
1280 0.02194130737321378 0.021857750157786588
1281 0.021857750157786588 0.021774725225491228
1282 0.021774725225491228 0.021692228103043536
1283 0.021692228103043536 0.021610254361423897
1284 0.021610254361423897 0.021528799615406657
1285 0.021528799615406657 0.021447859523094387
1286 0.021447859523094387 0.021367429785456776
1287 0.021367429785456776 0.021287506145874102
1288 0.021287506145874102 0.021208084389685373
1289 0.021208084389685373 0.021129160343741047
1290 0.021129160343741047 0.02105072987596011
1291 0.02105072987596011 0.02097278889489214
1292 0.02097278889489214 0.020895333349283153
1293 0.020895333349283153 0.020818359227646816
1294 0.020818359227646816 0.020741862557839105
1295 0.020741862557839105 0.020665839406638152
1296 0.020665839406638152 0.020590285879328086
1297 0.020590285879328086 0.02051519811928736
1298 0.02051519811928736 0.02044057230758119
1299 0.02044057230758119 0.020366404662558523
1300 0.020366404662558523 0.020292691439453028
1301 0.020292691439453028 0.02021942892998856
1302 0.02021942892998856 0.02014661346198847
1303 0.02014661346198847 0.020074241398989223
1304 0.020074241398989223 0.020002309139858395
1305 0.020002309139858395 0.019930813118416196
1306 0.019930813118416196 0.019859749803061467
1307 0.019859749803061467 0.019789115696401533
1308 0.019789115696401533 0.019718907334886078
1309 0.019718907334886078 0.019649121288444878
1310 0.019649121288444878 0.01957975416012955
1311 0.01957975416012955 0.01951080258575913
1312 0.01951080258575913 0.019442263233569453
1313 0.019442263233569453 0.019374132803866403
1314 0.019374132803866403 0.019306408028682855
1315 0.019306408028682855 0.019239085671439518
1316 0.019239085671439518 0.019172162526609207
1317 0.019172162526609207 0.01910563541938505
1318 0.01910563541938505 0.019039501205352204
1319 0.019039501205352204 0.018973756770163157
1320 0.018973756770163157 0.018908399029216635
1321 0.018908399029216635 0.018843424927340046
1322 0.018843424927340046 0.018778831438475387
1323 0.018778831438475387 0.018714615565368565
1324 0.018714615565368565 0.01865077433926244
1325 0.01865077433926244 0.018587304819592643
1326 0.018587304819592643 0.018524204093687623
1327 0.018524204093687623 0.018461469276471104
1328 0.018461469276471104 0.01839909751016862
1329 0.01839909751016862 0.01833708596401675
1330 0.01833708596401675 0.018275431833975946
1331 0.018275431833975946 0.01821413234244627
1332 0.01821413234244627 0.018153184737986626
1333 0.018153184737986626 0.01809258629503679
1334 0.01809258629503679 0.018032334313642668
1335 0.018032334313642668 0.017972426119184787
1336 0.017972426119184787 0.017912859062109484
1337 0.017912859062109484 0.01785363051766344
1338 0.01785363051766344 0.017794737885630938
1339 0.017794737885630938 0.01773617859007416
1340 0.01773617859007416 0.017677950079076372
1341 0.017677950079076372 0.017620049824488032
1342 0.017620049824488032 0.01756247532167565
1343 0.01756247532167565 0.017505224089273637
1344 0.017505224089273637 0.017448293668938658
1345 0.017448293668938658 0.01739168162510701
1346 0.01739168162510701 0.017335385544754597
1347 0.017335385544754597 0.017279403037159666
1348 0.017279403037159666 0.01722373173366814
1349 0.01722373173366814 0.017168369287461537
1350 0.017168369287461537 0.017113313373327735
1351 0.017113313373327735 0.017058561687434012
1352 0.017058561687434012 0.01700411194710294
1353 0.01700411194710294 0.016949961890590455
1354 0.016949961890590455 0.016896109276866828
1355 0.016896109276866828 0.016842551885399723
1356 0.016842551885399723 0.016789287515939964
1357 0.016789287515939964 0.01673631398830954
1358 0.01673631398830954 0.016683629142192194
1359 0.016683629142192194 0.016631230836926074
1360 0.016631230836926074 0.01657911695129903
1361 0.01657911695129903 0.016527285383346076
1362 0.016527285383346076 0.016475734050149012
1363 0.016475734050149012 0.016424460887638583
1364 0.016424460887638583 0.016373463850398576
1365 0.016373463850398576 0.016322740911472393
1366 0.016322740911472393 0.016272290062171495
1367 0.016272290062171495 0.01622210931188631
1368 0.01622210931188631 0.01617219668789906
1369 0.01617219668789906 0.01612255023519886
1370 0.01612255023519886 0.016073168016298604
1371 0.016073168016298604 0.01602404811105433
1372 0.01602404811105433 0.015975188616486256
1373 0.015975188616486256 0.015926587646602028
1374 0.015926587646602028 0.01587824333222189
1375 0.01587824333222189 0.015830153820805777
1376 0.015830153820805777 0.015782317276282473
1377 0.015782317276282473 0.015734731878880522
1378 0.015734731878880522 0.015687395824961235
1379 0.015687395824961235 0.015640307326853353
1380 0.015640307326853353 0.015593464612689794
1381 0.015593464612689794 0.01554686592624602
1382 0.01554686592624602 0.01550050952678035
1383 0.01550050952678035 0.015454393688876017
1384 0.015454393688876017 0.015408516702285017
1385 0.015408516702285017 0.015362876871773663
1386 0.015362876871773663 0.01531747251696992
1387 0.01531747251696992 0.015272301972212462
1388 0.015272301972212462 0.015227363586401272
1389 0.015227363586401272 0.01518265572285012
1390 0.01518265572285012 0.01513817675914057
1391 0.01513817675914057 0.015093925086977622
1392 0.015093925086977622 0.015049899112046993
1393 0.015049899112046993 0.015006097253873982
1394 0.015006097253873982 0.014962517945683882
1395 0.014962517945683882 0.014919159634264014
1396 0.014919159634264014 0.01487602077982721
1397 0.01487602077982721 0.014833099855876924
1398 0.014833099855876924 0.014790395349073716
1399 0.014790395349073716 0.014747905759103383
1400 0.014747905759103383 0.01470562959854629
1401 0.01470562959854629 0.014663565392748552
1402 0.014663565392748552 0.014621711679694208
1403 0.014621711679694208 0.014580067009879159
1404 0.014580067009879159 0.014538629946186307
1405 0.014538629946186307 0.01449739906376216
1406 0.01449739906376216 0.014456372949894747
1407 0.014456372949894747 0.01441555020389299
1408 0.01441555020389299 0.014374929436967252
1409 0.014374929436967252 0.014334509272111332
1410 0.014334509272111332 0.014294288343985793
1411 0.014294288343985793 0.014254265298802308
1412 0.014254265298802308 0.014214438794209727
1413 0.014214438794209727 0.014174807499181001
1414 0.014174807499181001 0.014135370093901476
1415 0.014135370093901476 0.014096125269658623
1416 0.014096125269658623 0.014057071728732558
1417 0.014057071728732558 0.01401820818428823
1418 0.01401820818428823 0.013979533360268408
1419 0.013979533360268408 0.013941045991288113
1420 0.013941045991288113 0.013902744822530035
1421 0.013902744822530035 0.013864628609641213
1422 0.013864628609641213 0.013826696118630676
1423 0.013826696118630676 0.013788946125768522
1424 0.013788946125768522 0.013751377417485701
1425 0.013751377417485701 0.013713988790275192
1426 0.013713988790275192 0.013676779050594112
1427 0.013676779050594112 0.013639747014766994
1428 0.013639747014766994 0.013602891508889981
1429 0.013602891508889981 0.013566211368736227
1430 0.013566211368736227 0.013529705439662157
1431 0.013529705439662157 0.013493372576514891
1432 0.013493372576514891 0.013457211643540579
1433 0.013457211643540579 0.013421221514293782
1434 0.013421221514293782 0.013385401071547832
1435 0.013385401071547832 0.013349749207206081
1436 0.013349749207206081 0.013314264822214239
1437 0.013314264822214239 0.013278946826473606
1438 0.013278946826473606 0.01324379413875516
1439 0.01324379413875516 0.013208805686614707
1440 0.013208805686614707 0.01317398040630887
1441 0.01317398040630887 0.013139317242711956
1442 0.013139317242711956 0.013104815149233812
1443 0.013104815149233812 0.013070473087738524
1444 0.013070473087738524 0.013036290028463824
1445 0.013036290028463824 0.013002264949941769
1446 0.013002264949941769 0.012968396838919724
1447 0.012968396838919724 0.012934684690282732
1448 0.012934684690282732 0.012901127506976317
1449 0.012901127506976317 0.01286772429993028
1450 0.01286772429993028 0.012834474087983331
1451 0.012834474087983331 0.012801375897808439
1452 0.012801375897808439 0.01276842876383902
1453 0.01276842876383902 0.012735631728195996
1454 0.012735631728195996 0.012702983840615453
1455 0.012702983840615453 0.012670484158377161
1456 0.012670484158377161 0.012638131746233853
1457 0.012638131746233853 0.012605925676341358
1458 0.012605925676341358 0.012573865028189286
1459 0.012573865028189286 0.012541948888532467
1460 0.012541948888532467 0.01251017635132333
1461 0.01251017635132333 0.012478546517644722
1462 0.012478546517644722 0.012447058495643655
1463 0.012447058495643655 0.012415711400465596
1464 0.012415711400465596 0.012384504354189502
1465 0.012384504354189502 0.012353436485763581
1466 0.012353436485763581 0.01232250693094173
1467 0.01232250693094173 0.012291714832220524
1468 0.012291714832220524 0.012261059338777
1469 0.012261059338777 0.012230539606407043
1470 0.012230539606407043 0.012200154797464361
1471 0.012200154797464361 0.012169904080800252
1472 0.012169904080800252 0.012139786631703812
1473 0.012139786631703812 0.012109801631842908
1474 0.012109801631842908 0.012079948269205677
1475 0.012079948269205677 0.012050225738042715
1476 0.012050225738042715 0.012020633238809784
1477 0.012020633238809784 0.011991169978111204
1478 0.011991169978111204 0.01196183516864374
1479 0.01196183516864374 0.011932628029141152
1480 0.011932628029141152 0.011903547784319238
1481 0.011903547784319238 0.011874593664821565
1482 0.011874593664821565 0.011845764907165636
1483 0.011845764907165636 0.01181706075368963
1484 0.01181706075368963 0.011788480452499854
1485 0.011788480452499854 0.011760023257418477
1486 0.011760023257418477 0.011731688427931965
1487 0.011731688427931965 0.011703475229140118
1488 0.011703475229140118 0.011675382931705431
1489 0.011675382931705431 0.011647410811803031
1490 0.011647410811803031 0.011619558151071343
1491 0.011619558151071343 0.011591824236562884
1492 0.011591824236562884 0.011564208360695934
1493 0.011564208360695934 0.01153670982120644
1494 0.01153670982120644 0.01150932792110047
1495 0.01150932792110047 0.011482061968607338
1496 0.011482061968607338 0.011454911277132905
1497 0.011454911277132905 0.011427875165213548
1498 0.011427875165213548 0.011400952956470568
1499 0.011400952956470568 0.011374143979565049
1500 0.011374143979565049 0.011347447568153165
