1 50.0 50.0
2 50.0 50.0
3 50.0 50.0
4 50.0 50.0
5 50.0 50.0
6 50.0 50.0
7 50.0 50.0
8 75.0 75.0
9 75.0 75.0
10 75.0 75.0
11 75.0 75.0
12 75.0 75.0
13 75.0 75.0
14 75.0 75.0
15 75.0 75.0
16 75.0 75.0
17 75.0 75.0
18 75.0 75.0
19 75.0 75.0
20 50.0 50.0
21 50.0 50.0
22 50.0 50.0
23 50.0 50.0
24 50.0 50.0
25 50.0 50.0
26 50.0 50.0
27 50.0 50.0
28 50.0 50.0
29 50.0 50.0
30 50.0 50.0
31 50.0 50.0
32 50.0 50.0
33 50.0 50.0
34 50.0 50.0
35 50.0 50.0
36 50.0 50.0
37 50.0 50.0
38 50.0 50.0
39 50.0 50.0
40 50.0 50.0
41 50.0 50.0
42 50.0 50.0
43 50.0 50.0
44 50.0 50.0
45 50.0 50.0
46 50.0 50.0
47 50.0 50.0
48 50.0 50.0
49 50.0 50.0
50 50.0 50.0
51 50.0 50.0
52 50.0 50.0
53 50.0 50.0
54 50.0 50.0
55 50.0 50.0
56 50.0 50.0
57 50.0 50.0
58 50.0 50.0
59 50.0 50.0
60 50.0 50.0
61 50.0 50.0
62 50.0 50.0
63 50.0 50.0
64 50.0 50.0
65 50.0 50.0
66 50.0 50.0
67 50.0 50.0
68 50.0 50.0
69 50.0 50.0
70 50.0 50.0
71 50.0 50.0
72 50.0 50.0
73 50.0 50.0
74 50.0 50.0
75 50.0 50.0
76 50.0 50.0
77 50.0 50.0
78 50.0 50.0
79 50.0 50.0
80 50.0 50.0
81 50.0 50.0
82 50.0 50.0
83 50.0 50.0
84 50.0 50.0
85 50.0 50.0
86 50.0 50.0
87 50.0 50.0
88 50.0 50.0
89 50.0 50.0
90 50.0 50.0
91 50.0 50.0
92 50.0 50.0
93 50.0 50.0
94 50.0 50.0
95 50.0 50.0
96 50.0 50.0
97 50.0 50.0
98 50.0 50.0
99 50.0 50.0
100 50.0 50.0
101 50.0 50.0
102 50.0 50.0
103 50.0 50.0
104 50.0 50.0
105 50.0 50.0
106 50.0 50.0
107 50.0 50.0
108 50.0 50.0
109 50.0 50.0
110 50.0 50.0
111 50.0 50.0
112 50.0 50.0
113 50.0 50.0
114 50.0 50.0
115 50.0 50.0
116 50.0 50.0
117 50.0 50.0
118 50.0 50.0
119 50.0 50.0
120 50.0 50.0
121 50.0 50.0
122 50.0 50.0
123 50.0 50.0
124 50.0 50.0
125 50.0 50.0
126 50.0 50.0
127 50.0 50.0
128 50.0 50.0
129 50.0 50.0
130 50.0 50.0
131 50.0 50.0
132 50.0 50.0
133 50.0 50.0
134 50.0 50.0
135 50.0 50.0
136 50.0 50.0
137 50.0 50.0
138 50.0 50.0
139 50.0 50.0
140 50.0 50.0
141 50.0 50.0
142 50.0 50.0
143 50.0 50.0
144 50.0 50.0
145 50.0 50.0
146 50.0 50.0
147 50.0 50.0
148 50.0 50.0
149 50.0 50.0
150 50.0 50.0
151 50.0 50.0
152 50.0 50.0
153 50.0 50.0
154 50.0 50.0
155 50.0 50.0
156 50.0 50.0
157 50.0 50.0
158 50.0 50.0
159 50.0 50.0
160 50.0 50.0
161 50.0 50.0
162 50.0 50.0
163 50.0 50.0
164 50.0 50.0
165 50.0 50.0
166 50.0 50.0
167 50.0 50.0
168 50.0 50.0
169 50.0 50.0
170 50.0 50.0
171 50.0 50.0
172 50.0 50.0
173 50.0 50.0
174 50.0 50.0
175 50.0 50.0
176 50.0 50.0
177 50.0 50.0
178 50.0 50.0
179 50.0 50.0
180 50.0 50.0
181 50.0 50.0
182 50.0 50.0
183 50.0 50.0
184 50.0 50.0
185 50.0 50.0
186 50.0 50.0
187 50.0 50.0
188 50.0 50.0
189 50.0 50.0
190 50.0 50.0
191 50.0 50.0
192 50.0 50.0
193 50.0 50.0
194 50.0 50.0
195 50.0 50.0
196 50.0 50.0
197 50.0 50.0
198 50.0 50.0
199 50.0 50.0
200 50.0 50.0
201 50.0 50.0
202 50.0 50.0
203 50.0 50.0
204 50.0 50.0
205 50.0 50.0
206 50.0 50.0
207 50.0 50.0
208 50.0 50.0
209 50.0 50.0
210 50.0 50.0
211 50.0 50.0
212 50.0 50.0
213 50.0 50.0
214 50.0 50.0
215 50.0 50.0
216 50.0 50.0
217 50.0 50.0
218 50.0 50.0
219 50.0 50.0
220 50.0 50.0
221 50.0 50.0
222 50.0 50.0
223 50.0 50.0
224 50.0 50.0
225 50.0 50.0
226 50.0 50.0
227 50.0 50.0
228 50.0 50.0
229 50.0 50.0
230 50.0 50.0
231 50.0 50.0
232 50.0 50.0
233 50.0 50.0
234 50.0 50.0
235 50.0 50.0
236 50.0 50.0
237 50.0 50.0
238 50.0 50.0
239 50.0 50.0
240 50.0 50.0
241 50.0 50.0
242 50.0 50.0
243 50.0 50.0
244 50.0 50.0
245 50.0 50.0
246 50.0 50.0
247 50.0 50.0
248 50.0 50.0
249 50.0 50.0
250 50.0 50.0
251 50.0 50.0
252 50.0 50.0
253 50.0 50.0
254 50.0 50.0
255 50.0 50.0
256 50.0 50.0
257 50.0 50.0
258 50.0 50.0
259 50.0 50.0
260 50.0 50.0
261 50.0 50.0
262 50.0 50.0
263 50.0 50.0
264 50.0 50.0
265 50.0 50.0
266 50.0 50.0
267 50.0 50.0
268 50.0 50.0
269 50.0 50.0
270 50.0 50.0
271 50.0 50.0
272 50.0 50.0
273 50.0 50.0
274 50.0 50.0
275 50.0 50.0
276 50.0 50.0
277 50.0 50.0
278 50.0 50.0
279 50.0 50.0
280 50.0 50.0
281 50.0 50.0
282 50.0 50.0
283 50.0 50.0
284 50.0 50.0
285 50.0 50.0
286 50.0 50.0
287 50.0 50.0
288 50.0 50.0
289 50.0 50.0
290 50.0 50.0
291 50.0 50.0
292 50.0 50.0
293 50.0 50.0
294 50.0 50.0
295 50.0 50.0
296 50.0 50.0
297 50.0 50.0
298 50.0 50.0
299 50.0 50.0
300 50.0 50.0
301 50.0 50.0
302 50.0 50.0
303 50.0 50.0
304 50.0 50.0
305 50.0 50.0
306 50.0 50.0
307 50.0 50.0
308 50.0 50.0
309 50.0 50.0
310 50.0 50.0
311 50.0 50.0
312 50.0 50.0
313 50.0 50.0
314 50.0 50.0
315 50.0 50.0
316 50.0 50.0
317 50.0 50.0
318 50.0 50.0
319 50.0 50.0
320 50.0 50.0
321 50.0 50.0
322 50.0 50.0
323 50.0 50.0
324 50.0 50.0
325 50.0 50.0
326 50.0 50.0
327 50.0 50.0
328 50.0 50.0
329 50.0 50.0
330 50.0 50.0
331 50.0 50.0
332 50.0 50.0
333 50.0 50.0
334 50.0 50.0
335 50.0 50.0
336 50.0 50.0
337 50.0 50.0
338 50.0 50.0
339 50.0 50.0
340 50.0 50.0
341 50.0 50.0
342 50.0 50.0
343 50.0 50.0
344 50.0 50.0
345 50.0 50.0
346 50.0 50.0
347 50.0 50.0
348 50.0 50.0
349 50.0 50.0
350 50.0 50.0
351 50.0 50.0
352 50.0 50.0
353 50.0 50.0
354 50.0 50.0
355 50.0 50.0
356 50.0 50.0
357 50.0 50.0
358 50.0 50.0
359 50.0 50.0
360 50.0 50.0
361 50.0 50.0
362 50.0 50.0
363 50.0 50.0
364 50.0 50.0
365 50.0 50.0
366 50.0 50.0
367 50.0 50.0
368 50.0 50.0
369 50.0 50.0
370 50.0 50.0
371 50.0 50.0
372 50.0 50.0
373 50.0 50.0
374 50.0 50.0
375 50.0 50.0
376 50.0 50.0
377 50.0 50.0
378 50.0 50.0
379 50.0 50.0
380 50.0 50.0
381 50.0 50.0
382 50.0 50.0
383 50.0 50.0
384 50.0 50.0
385 50.0 50.0
386 50.0 50.0
387 50.0 50.0
388 50.0 50.0
389 50.0 50.0
390 50.0 50.0
391 50.0 50.0
392 50.0 50.0
393 50.0 50.0
394 50.0 50.0
395 50.0 50.0
396 50.0 50.0
397 50.0 50.0
398 50.0 50.0
399 50.0 50.0
400 50.0 50.0
401 50.0 50.0
402 50.0 50.0
403 50.0 50.0
404 50.0 50.0
405 50.0 50.0
406 50.0 50.0
407 50.0 50.0
408 50.0 50.0
409 50.0 50.0
410 50.0 50.0
411 50.0 50.0
412 50.0 50.0
413 50.0 50.0
414 50.0 50.0
415 50.0 50.0
416 50.0 50.0
417 50.0 50.0
418 50.0 50.0
419 50.0 50.0
420 50.0 50.0
421 50.0 50.0
422 50.0 50.0
423 50.0 50.0
424 50.0 50.0
425 50.0 50.0
426 50.0 50.0
427 50.0 50.0
428 50.0 50.0
429 50.0 50.0
430 50.0 50.0
431 50.0 50.0
432 50.0 50.0
433 50.0 50.0
434 50.0 50.0
435 50.0 50.0
436 50.0 50.0
437 50.0 50.0
438 50.0 50.0
439 50.0 50.0
440 50.0 50.0
441 50.0 50.0
442 50.0 50.0
443 50.0 50.0
444 50.0 50.0
445 50.0 50.0
446 50.0 50.0
447 50.0 50.0
448 50.0 50.0
449 50.0 50.0
450 50.0 50.0
451 50.0 50.0
452 50.0 50.0
453 50.0 50.0
454 50.0 50.0
455 50.0 50.0
456 50.0 50.0
457 50.0 50.0
458 50.0 50.0
459 50.0 50.0
460 50.0 50.0
461 50.0 50.0
462 50.0 50.0
463 50.0 50.0
464 50.0 50.0
465 50.0 50.0
466 50.0 50.0
467 50.0 50.0
468 50.0 50.0
469 50.0 50.0
470 50.0 50.0
471 50.0 50.0
472 50.0 50.0
473 50.0 50.0
474 50.0 50.0
475 50.0 50.0
476 50.0 50.0
477 50.0 50.0
478 50.0 50.0
479 50.0 50.0
480 50.0 50.0
481 50.0 50.0
482 50.0 50.0
483 50.0 50.0
484 50.0 50.0
485 50.0 50.0
486 50.0 50.0
487 50.0 50.0
488 50.0 50.0
489 50.0 50.0
490 50.0 50.0
491 50.0 50.0
492 50.0 50.0
493 50.0 50.0
494 50.0 50.0
495 50.0 50.0
496 50.0 50.0
497 50.0 50.0
498 50.0 50.0
499 50.0 50.0
500 50.0 50.0
501 50.0 50.0
502 50.0 50.0
503 50.0 50.0
504 50.0 50.0
505 50.0 50.0
506 50.0 50.0
507 50.0 50.0
508 50.0 50.0
509 50.0 50.0
510 50.0 50.0
511 50.0 50.0
512 50.0 50.0
513 50.0 50.0
514 50.0 50.0
515 50.0 50.0
516 50.0 50.0
517 50.0 50.0
518 50.0 50.0
519 50.0 50.0
520 50.0 50.0
521 50.0 50.0
522 50.0 50.0
523 50.0 50.0
524 50.0 50.0
525 50.0 50.0
526 50.0 50.0
527 50.0 50.0
528 50.0 50.0
529 50.0 50.0
530 50.0 50.0
531 50.0 50.0
532 50.0 50.0
533 50.0 50.0
534 50.0 50.0
535 50.0 50.0
536 50.0 50.0
537 50.0 50.0
538 50.0 50.0
539 50.0 50.0
540 50.0 50.0
541 50.0 50.0
542 50.0 50.0
543 50.0 50.0
544 50.0 50.0
545 50.0 50.0
546 50.0 50.0
547 50.0 50.0
548 50.0 50.0
549 50.0 50.0
550 50.0 50.0
551 50.0 50.0
552 50.0 50.0
553 50.0 50.0
554 50.0 50.0
555 50.0 50.0
556 50.0 50.0
557 50.0 50.0
558 50.0 50.0
559 50.0 50.0
560 50.0 50.0
561 50.0 50.0
562 50.0 50.0
563 50.0 50.0
564 50.0 50.0
565 50.0 50.0
566 50.0 50.0
567 50.0 50.0
568 50.0 50.0
569 50.0 50.0
570 50.0 50.0
571 50.0 50.0
572 50.0 50.0
573 50.0 50.0
574 50.0 50.0
575 50.0 50.0
576 50.0 50.0
577 50.0 50.0
578 50.0 50.0
579 50.0 50.0
580 50.0 50.0
581 50.0 50.0
582 50.0 50.0
583 50.0 50.0
584 50.0 50.0
585 50.0 50.0
586 50.0 50.0
587 50.0 50.0
588 50.0 50.0
589 50.0 50.0
590 50.0 50.0
591 50.0 50.0
592 50.0 50.0
593 50.0 50.0
594 50.0 50.0
595 75.0 75.0
596 75.0 75.0
597 75.0 75.0
598 75.0 75.0
599 75.0 75.0
600 75.0 75.0
601 75.0 75.0
602 75.0 75.0
603 75.0 75.0
604 75.0 75.0
605 75.0 75.0
606 75.0 75.0
607 75.0 75.0
608 75.0 75.0
609 75.0 75.0
610 75.0 75.0
611 75.0 75.0
612 75.0 75.0
613 75.0 75.0
614 75.0 75.0
615 75.0 75.0
616 75.0 75.0
617 75.0 75.0
618 75.0 75.0
619 75.0 75.0
620 75.0 75.0
621 75.0 75.0
622 75.0 75.0
623 75.0 75.0
624 75.0 75.0
625 75.0 75.0
626 75.0 75.0
627 75.0 75.0
628 75.0 75.0
629 75.0 75.0
630 75.0 75.0
631 75.0 75.0
632 75.0 75.0
633 75.0 75.0
634 75.0 75.0
635 75.0 75.0
636 75.0 75.0
637 75.0 75.0
638 75.0 75.0
639 75.0 75.0
640 75.0 75.0
641 75.0 75.0
642 75.0 75.0
643 75.0 75.0
644 75.0 75.0
645 75.0 75.0
646 75.0 75.0
647 75.0 75.0
648 75.0 75.0
649 75.0 75.0
650 75.0 75.0
651 75.0 75.0
652 75.0 75.0
653 75.0 75.0
654 75.0 75.0
655 75.0 75.0
656 75.0 75.0
657 75.0 75.0
658 75.0 75.0
659 75.0 75.0
660 75.0 75.0
661 75.0 75.0
662 75.0 75.0
663 75.0 75.0
664 75.0 75.0
665 75.0 75.0
666 75.0 75.0
667 75.0 75.0
668 75.0 75.0
669 75.0 75.0
670 75.0 75.0
671 75.0 75.0
672 75.0 75.0
673 75.0 75.0
674 75.0 75.0
675 75.0 75.0
676 75.0 75.0
677 75.0 75.0
678 75.0 75.0
679 75.0 75.0
680 75.0 75.0
681 75.0 75.0
682 75.0 75.0
683 75.0 75.0
684 75.0 75.0
685 75.0 75.0
686 75.0 75.0
687 75.0 75.0
688 75.0 75.0
689 75.0 75.0
690 75.0 75.0
691 75.0 75.0
692 75.0 75.0
693 75.0 75.0
694 75.0 75.0
695 75.0 75.0
696 75.0 75.0
697 75.0 75.0
698 75.0 75.0
699 75.0 75.0
700 75.0 75.0
701 75.0 75.0
702 75.0 75.0
703 75.0 75.0
704 75.0 75.0
705 75.0 75.0
706 75.0 75.0
707 75.0 75.0
708 75.0 75.0
709 75.0 75.0
710 75.0 75.0
711 75.0 75.0
712 75.0 75.0
713 75.0 75.0
714 75.0 75.0
715 75.0 75.0
716 75.0 75.0
717 75.0 75.0
718 75.0 75.0
719 75.0 75.0
720 75.0 75.0
721 75.0 75.0
722 75.0 75.0
723 75.0 75.0
724 75.0 75.0
725 75.0 75.0
726 75.0 75.0
727 75.0 75.0
728 75.0 75.0
729 75.0 75.0
730 75.0 75.0
731 75.0 75.0
732 75.0 75.0
733 75.0 75.0
734 75.0 75.0
735 75.0 75.0
736 75.0 75.0
737 75.0 75.0
738 75.0 75.0
739 75.0 75.0
740 75.0 75.0
741 75.0 75.0
742 75.0 75.0
743 75.0 75.0
744 75.0 75.0
745 75.0 75.0
746 75.0 75.0
747 75.0 75.0
748 75.0 75.0
749 75.0 75.0
750 75.0 75.0
751 75.0 75.0
752 75.0 75.0
753 75.0 75.0
754 75.0 75.0
755 75.0 75.0
756 75.0 75.0
757 75.0 75.0
758 75.0 75.0
759 75.0 75.0
760 75.0 75.0
761 75.0 75.0
762 75.0 75.0
763 75.0 75.0
764 75.0 75.0
765 75.0 75.0
766 75.0 75.0
767 75.0 75.0
768 75.0 75.0
769 75.0 75.0
770 75.0 75.0
771 75.0 75.0
772 75.0 75.0
773 75.0 75.0
774 75.0 75.0
775 75.0 75.0
776 75.0 75.0
777 75.0 75.0
778 75.0 75.0
779 75.0 75.0
780 75.0 75.0
781 75.0 75.0
782 75.0 75.0
783 75.0 75.0
784 75.0 75.0
785 75.0 75.0
786 75.0 75.0
787 75.0 75.0
788 75.0 75.0
789 75.0 75.0
790 75.0 75.0
791 75.0 75.0
792 75.0 75.0
793 75.0 75.0
794 75.0 75.0
795 75.0 75.0
796 75.0 75.0
797 75.0 75.0
798 75.0 75.0
799 75.0 75.0
800 75.0 75.0
801 75.0 75.0
802 75.0 75.0
803 75.0 75.0
804 75.0 75.0
805 75.0 75.0
806 75.0 75.0
807 75.0 75.0
808 75.0 75.0
809 75.0 75.0
810 75.0 75.0
811 75.0 75.0
812 75.0 75.0
813 75.0 75.0
814 75.0 75.0
815 75.0 75.0
816 75.0 75.0
817 75.0 75.0
818 75.0 75.0
819 75.0 75.0
820 75.0 75.0
821 75.0 75.0
822 75.0 75.0
823 75.0 75.0
824 75.0 75.0
825 75.0 75.0
826 75.0 75.0
827 75.0 75.0
828 75.0 75.0
829 75.0 75.0
830 75.0 75.0
831 75.0 75.0
832 75.0 75.0
833 75.0 75.0
834 75.0 75.0
835 75.0 75.0
836 75.0 75.0
837 75.0 75.0
838 75.0 75.0
839 75.0 75.0
840 75.0 75.0
841 75.0 75.0
842 75.0 75.0
843 75.0 75.0
844 75.0 75.0
845 75.0 75.0
846 75.0 75.0
847 75.0 75.0
848 75.0 75.0
849 75.0 75.0
850 75.0 75.0
851 75.0 75.0
852 75.0 75.0
853 75.0 75.0
854 75.0 75.0
855 75.0 75.0
856 75.0 75.0
857 75.0 75.0
858 75.0 75.0
859 75.0 75.0
860 75.0 75.0
861 75.0 75.0
862 75.0 75.0
863 75.0 75.0
864 75.0 75.0
865 75.0 75.0
866 75.0 75.0
867 75.0 75.0
868 75.0 75.0
869 75.0 75.0
870 75.0 75.0
871 75.0 75.0
872 75.0 75.0
873 75.0 75.0
874 75.0 75.0
875 75.0 75.0
876 75.0 75.0
877 75.0 75.0
878 75.0 75.0
879 75.0 75.0
880 75.0 75.0
881 75.0 75.0
882 75.0 75.0
883 75.0 75.0
884 75.0 75.0
885 75.0 75.0
886 75.0 75.0
887 75.0 75.0
888 75.0 75.0
889 75.0 75.0
890 75.0 75.0
891 75.0 75.0
892 75.0 75.0
893 75.0 75.0
894 75.0 75.0
895 75.0 75.0
896 75.0 75.0
897 75.0 75.0
898 75.0 75.0
899 75.0 75.0
900 75.0 75.0
901 75.0 75.0
902 75.0 75.0
903 75.0 75.0
904 75.0 75.0
905 75.0 75.0
906 75.0 75.0
907 75.0 75.0
908 75.0 75.0
909 75.0 75.0
910 75.0 75.0
911 75.0 75.0
912 75.0 75.0
913 75.0 75.0
914 75.0 75.0
915 75.0 75.0
916 75.0 75.0
917 75.0 75.0
918 75.0 75.0
919 75.0 75.0
920 75.0 75.0
921 75.0 75.0
922 75.0 75.0
923 75.0 75.0
924 75.0 75.0
925 75.0 75.0
926 75.0 75.0
927 75.0 75.0
928 75.0 75.0
929 75.0 75.0
930 75.0 75.0
931 75.0 75.0
932 75.0 75.0
933 75.0 75.0
934 75.0 75.0
935 75.0 75.0
936 75.0 75.0
937 75.0 75.0
938 75.0 75.0
939 75.0 75.0
940 75.0 75.0
941 75.0 75.0
942 75.0 75.0
943 75.0 75.0
944 75.0 75.0
945 75.0 75.0
946 75.0 75.0
947 75.0 75.0
948 100.0 100.0
949 100.0 100.0
950 100.0 100.0
951 100.0 100.0
952 100.0 100.0
953 100.0 100.0
954 100.0 100.0
955 100.0 100.0
956 100.0 100.0
957 100.0 100.0
958 100.0 100.0
959 100.0 100.0
960 100.0 100.0
961 100.0 100.0
962 100.0 100.0
963 100.0 100.0
964 100.0 100.0
965 100.0 100.0
966 100.0 100.0
967 100.0 100.0
968 100.0 100.0
969 100.0 100.0
970 100.0 100.0
971 100.0 100.0
972 100.0 100.0
973 100.0 100.0
974 100.0 100.0
975 100.0 100.0
976 100.0 100.0
977 100.0 100.0
978 100.0 100.0
979 100.0 100.0
980 100.0 100.0
981 100.0 100.0
982 100.0 100.0
983 100.0 100.0
984 100.0 100.0
985 100.0 100.0
986 100.0 100.0
987 100.0 100.0
988 100.0 100.0
989 100.0 100.0
990 100.0 100.0
991 100.0 100.0
992 100.0 100.0
993 100.0 100.0
994 100.0 100.0
995 100.0 100.0
996 100.0 100.0
997 100.0 100.0
998 100.0 100.0
999 100.0 100.0
1000 100.0 100.0
1001 100.0 100.0
1002 100.0 100.0
1003 100.0 100.0
1004 100.0 100.0
1005 100.0 100.0
1006 100.0 100.0
1007 100.0 100.0
1008 100.0 100.0
1009 100.0 100.0
1010 100.0 100.0
1011 100.0 100.0
1012 100.0 100.0
1013 100.0 100.0
1014 100.0 100.0
1015 100.0 100.0
1016 100.0 100.0
1017 100.0 100.0
1018 100.0 100.0
1019 100.0 100.0
1020 100.0 100.0
1021 100.0 100.0
1022 100.0 100.0
1023 100.0 100.0
1024 100.0 100.0
1025 100.0 100.0
1026 100.0 100.0
1027 100.0 100.0
1028 100.0 100.0
1029 100.0 100.0
1030 100.0 100.0
1031 100.0 100.0
1032 100.0 100.0
1033 100.0 100.0
1034 100.0 100.0
1035 100.0 100.0
1036 100.0 100.0
1037 100.0 100.0
1038 100.0 100.0
1039 100.0 100.0
1040 100.0 100.0
1041 100.0 100.0
1042 100.0 100.0
1043 100.0 100.0
1044 100.0 100.0
1045 100.0 100.0
1046 100.0 100.0
1047 100.0 100.0
1048 100.0 100.0
1049 100.0 100.0
1050 100.0 100.0
1051 100.0 100.0
1052 100.0 100.0
1053 100.0 100.0
1054 100.0 100.0
1055 100.0 100.0
1056 100.0 100.0
1057 100.0 100.0
1058 100.0 100.0
1059 100.0 100.0
1060 100.0 100.0
1061 100.0 100.0
1062 100.0 100.0
1063 100.0 100.0
1064 100.0 100.0
1065 100.0 100.0
1066 100.0 100.0
1067 100.0 100.0
1068 100.0 100.0
1069 100.0 100.0
1070 100.0 100.0
1071 100.0 100.0
1072 100.0 100.0
1073 100.0 100.0
1074 100.0 100.0
1075 100.0 100.0
1076 100.0 100.0
1077 100.0 100.0
1078 100.0 100.0
1079 100.0 100.0
1080 100.0 100.0
1081 100.0 100.0
1082 100.0 100.0
1083 100.0 100.0
1084 100.0 100.0
1085 100.0 100.0
1086 100.0 100.0
1087 100.0 100.0
1088 100.0 100.0
1089 100.0 100.0
1090 100.0 100.0
1091 100.0 100.0
1092 100.0 100.0
1093 100.0 100.0
1094 100.0 100.0
1095 100.0 100.0
1096 100.0 100.0
1097 100.0 100.0
1098 100.0 100.0
1099 100.0 100.0
1100 100.0 100.0
1101 100.0 100.0
1102 100.0 100.0
1103 100.0 100.0
1104 100.0 100.0
1105 100.0 100.0
1106 100.0 100.0
1107 100.0 100.0
1108 100.0 100.0
1109 100.0 100.0
1110 100.0 100.0
1111 100.0 100.0
1112 100.0 100.0
1113 100.0 100.0
1114 100.0 100.0
1115 100.0 100.0
1116 100.0 100.0
1117 100.0 100.0
1118 100.0 100.0
1119 100.0 100.0
1120 100.0 100.0
1121 100.0 100.0
1122 100.0 100.0
1123 100.0 100.0
1124 100.0 100.0
1125 100.0 100.0
1126 100.0 100.0
1127 100.0 100.0
1128 100.0 100.0
1129 100.0 100.0
1130 100.0 100.0
1131 100.0 100.0
1132 100.0 100.0
1133 100.0 100.0
1134 100.0 100.0
1135 100.0 100.0
1136 100.0 100.0
1137 100.0 100.0
1138 100.0 100.0
1139 100.0 100.0
1140 100.0 100.0
1141 100.0 100.0
1142 100.0 100.0
1143 100.0 100.0
1144 100.0 100.0
1145 100.0 100.0
1146 100.0 100.0
1147 100.0 100.0
1148 100.0 100.0
1149 100.0 100.0
1150 100.0 100.0
1151 100.0 100.0
1152 100.0 100.0
1153 100.0 100.0
1154 100.0 100.0
1155 100.0 100.0
1156 100.0 100.0
1157 100.0 100.0
1158 100.0 100.0
1159 100.0 100.0
1160 100.0 100.0
1161 100.0 100.0
1162 100.0 100.0
1163 100.0 100.0
1164 100.0 100.0
1165 100.0 100.0
1166 100.0 100.0
1167 100.0 100.0
1168 100.0 100.0
1169 100.0 100.0
1170 100.0 100.0
1171 100.0 100.0
1172 100.0 100.0
1173 100.0 100.0
1174 100.0 100.0
1175 100.0 100.0
1176 100.0 100.0
1177 100.0 100.0
1178 100.0 100.0
1179 100.0 100.0
1180 100.0 100.0
1181 100.0 100.0
1182 100.0 100.0
1183 100.0 100.0
1184 100.0 100.0
1185 100.0 100.0
1186 100.0 100.0
1187 100.0 100.0
1188 100.0 100.0
1189 100.0 100.0
1190 100.0 100.0
1191 100.0 100.0
1192 100.0 100.0
1193 100.0 100.0
1194 100.0 100.0
1195 100.0 100.0
1196 100.0 100.0
1197 100.0 100.0
1198 100.0 100.0
1199 100.0 100.0
1200 100.0 100.0
1201 100.0 100.0
1202 100.0 100.0
1203 100.0 100.0
1204 100.0 100.0
1205 100.0 100.0
1206 100.0 100.0
1207 100.0 100.0
1208 100.0 100.0
1209 100.0 100.0
1210 100.0 100.0
1211 100.0 100.0
1212 100.0 100.0
1213 100.0 100.0
1214 100.0 100.0
1215 100.0 100.0
1216 100.0 100.0
1217 100.0 100.0
1218 100.0 100.0
1219 100.0 100.0
1220 100.0 100.0
1221 100.0 100.0
1222 100.0 100.0
1223 100.0 100.0
1224 100.0 100.0
1225 100.0 100.0
1226 100.0 100.0
1227 100.0 100.0
1228 100.0 100.0
1229 100.0 100.0
1230 100.0 100.0
1231 100.0 100.0
1232 100.0 100.0
1233 100.0 100.0
1234 100.0 100.0
1235 100.0 100.0
1236 100.0 100.0
1237 100.0 100.0
1238 100.0 100.0
1239 100.0 100.0
1240 100.0 100.0
1241 100.0 100.0
1242 100.0 100.0
1243 100.0 100.0
1244 100.0 100.0
1245 100.0 100.0
1246 100.0 100.0
1247 100.0 100.0
1248 100.0 100.0
1249 100.0 100.0
1250 100.0 100.0
1251 100.0 100.0
1252 100.0 100.0
1253 100.0 100.0
1254 100.0 100.0
1255 100.0 100.0
1256 100.0 100.0
1257 100.0 100.0
1258 100.0 100.0
1259 100.0 100.0
1260 100.0 100.0
1261 100.0 100.0
1262 100.0 100.0
1263 100.0 100.0
1264 100.0 100.0
1265 100.0 100.0
1266 100.0 100.0
1267 100.0 100.0
1268 100.0 100.0
1269 100.0 100.0
1270 100.0 100.0
1271 100.0 100.0
1272 100.0 100.0
1273 100.0 100.0
1274 100.0 100.0
1275 100.0 100.0
1276 100.0 100.0
1277 100.0 100.0
1278 100.0 100.0
1279 100.0 100.0
1280 100.0 100.0
1281 100.0 100.0
1282 100.0 100.0
1283 100.0 100.0
1284 100.0 100.0
1285 100.0 100.0
1286 100.0 100.0
1287 100.0 100.0
1288 100.0 100.0
1289 100.0 100.0
1290 100.0 100.0
1291 100.0 100.0
1292 100.0 100.0
1293 100.0 100.0
1294 100.0 100.0
1295 100.0 100.0
1296 100.0 100.0
1297 100.0 100.0
1298 100.0 100.0
1299 100.0 100.0
1300 100.0 100.0
1301 100.0 100.0
1302 100.0 100.0
1303 100.0 100.0
1304 100.0 100.0
1305 100.0 100.0
1306 100.0 100.0
1307 100.0 100.0
1308 100.0 100.0
1309 100.0 100.0
1310 100.0 100.0
1311 100.0 100.0
1312 100.0 100.0
1313 100.0 100.0
1314 100.0 100.0
1315 100.0 100.0
1316 100.0 100.0
1317 100.0 100.0
1318 100.0 100.0
1319 100.0 100.0
1320 100.0 100.0
1321 100.0 100.0
1322 100.0 100.0
1323 100.0 100.0
1324 100.0 100.0
1325 100.0 100.0
1326 100.0 100.0
1327 100.0 100.0
1328 100.0 100.0
1329 100.0 100.0
1330 100.0 100.0
1331 100.0 100.0
1332 100.0 100.0
1333 100.0 100.0
1334 100.0 100.0
1335 100.0 100.0
1336 100.0 100.0
1337 100.0 100.0
1338 100.0 100.0
1339 100.0 100.0
1340 100.0 100.0
1341 100.0 100.0
1342 100.0 100.0
1343 100.0 100.0
1344 100.0 100.0
1345 100.0 100.0
1346 100.0 100.0
1347 100.0 100.0
1348 100.0 100.0
1349 100.0 100.0
1350 100.0 100.0
1351 100.0 100.0
1352 100.0 100.0
1353 100.0 100.0
1354 100.0 100.0
1355 100.0 100.0
1356 100.0 100.0
1357 100.0 100.0
1358 100.0 100.0
1359 100.0 100.0
1360 100.0 100.0
1361 100.0 100.0
1362 100.0 100.0
1363 100.0 100.0
1364 100.0 100.0
1365 100.0 100.0
1366 100.0 100.0
1367 100.0 100.0
1368 100.0 100.0
1369 100.0 100.0
1370 100.0 100.0
1371 100.0 100.0
1372 100.0 100.0
1373 100.0 100.0
1374 100.0 100.0
1375 100.0 100.0
1376 100.0 100.0
1377 100.0 100.0
1378 100.0 100.0
1379 100.0 100.0
1380 100.0 100.0
1381 100.0 100.0
1382 100.0 100.0
1383 100.0 100.0
1384 100.0 100.0
1385 100.0 100.0
1386 100.0 100.0
1387 100.0 100.0
1388 100.0 100.0
1389 100.0 100.0
1390 100.0 100.0
1391 100.0 100.0
1392 100.0 100.0
1393 100.0 100.0
1394 100.0 100.0
1395 100.0 100.0
1396 100.0 100.0
1397 100.0 100.0
1398 100.0 100.0
1399 100.0 100.0
1400 100.0 100.0
1401 100.0 100.0
1402 100.0 100.0
1403 100.0 100.0
1404 100.0 100.0
1405 100.0 100.0
1406 100.0 100.0
1407 100.0 100.0
1408 100.0 100.0
1409 100.0 100.0
1410 100.0 100.0
1411 100.0 100.0
1412 100.0 100.0
1413 100.0 100.0
1414 100.0 100.0
1415 100.0 100.0
1416 100.0 100.0
1417 100.0 100.0
1418 100.0 100.0
1419 100.0 100.0
1420 100.0 100.0
1421 100.0 100.0
1422 100.0 100.0
1423 100.0 100.0
1424 100.0 100.0
1425 100.0 100.0
1426 100.0 100.0
1427 100.0 100.0
1428 100.0 100.0
1429 100.0 100.0
1430 100.0 100.0
1431 100.0 100.0
1432 100.0 100.0
1433 100.0 100.0
1434 100.0 100.0
1435 100.0 100.0
1436 100.0 100.0
1437 100.0 100.0
1438 100.0 100.0
1439 100.0 100.0
1440 100.0 100.0
1441 100.0 100.0
1442 100.0 100.0
1443 100.0 100.0
1444 100.0 100.0
1445 100.0 100.0
1446 100.0 100.0
1447 100.0 100.0
1448 100.0 100.0
1449 100.0 100.0
1450 100.0 100.0
1451 100.0 100.0
1452 100.0 100.0
1453 100.0 100.0
1454 100.0 100.0
1455 100.0 100.0
1456 100.0 100.0
1457 100.0 100.0
1458 100.0 100.0
1459 100.0 100.0
1460 100.0 100.0
1461 100.0 100.0
1462 100.0 100.0
1463 100.0 100.0
1464 100.0 100.0
1465 100.0 100.0
1466 100.0 100.0
1467 100.0 100.0
1468 100.0 100.0
1469 100.0 100.0
1470 100.0 100.0
1471 100.0 100.0
1472 100.0 100.0
1473 100.0 100.0
1474 100.0 100.0
1475 100.0 100.0
1476 100.0 100.0
1477 100.0 100.0
1478 100.0 100.0
1479 100.0 100.0
1480 100.0 100.0
1481 100.0 100.0
1482 100.0 100.0
1483 100.0 100.0
1484 100.0 100.0
1485 100.0 100.0
1486 100.0 100.0
1487 100.0 100.0
1488 100.0 100.0
1489 100.0 100.0
1490 100.0 100.0
1491 100.0 100.0
1492 100.0 100.0
1493 100.0 100.0
1494 100.0 100.0
1495 100.0 100.0
1496 100.0 100.0
1497 100.0 100.0
1498 100.0 100.0
1499 100.0 100.0
1500 100.0 100.0
